# 1) energy in MeV
# 2) P_ee of pp neutrinos
# 3) P_ee of boron 8 neutrinos
# 4) P_ee of nitrogen 13 neutrinos
# 5) P_ee of oxygen 15 neutrinos
# 6) P_ee of florine 17 neutrinos
# 7) P_ee of beryllium 7 neutrinos
# 8) P_ee of pep neutrinos
# 9) P_ee of hep neutrinos
 1.00000e-01    5.50217e-01    5.49319e-01    5.49751e-01    5.49374e-01    5.49353e-01    5.49590e-01    5.50019e-01    5.50510e-01
 1.05299e-01    5.50109e-01    5.49163e-01    5.49618e-01    5.49221e-01    5.49198e-01    5.49448e-01    5.49900e-01    5.50418e-01
 1.10879e-01    5.49995e-01    5.48999e-01    5.49478e-01    5.49060e-01    5.49035e-01    5.49299e-01    5.49775e-01    5.50321e-01
 1.16754e-01    5.49874e-01    5.48825e-01    5.49330e-01    5.48890e-01    5.48863e-01    5.49142e-01    5.49643e-01    5.50218e-01
 1.22941e-01    5.49747e-01    5.48642e-01    5.49175e-01    5.48710e-01    5.48682e-01    5.48976e-01    5.49504e-01    5.50110e-01
 1.29456e-01    5.49613e-01    5.48449e-01    5.49010e-01    5.48521e-01    5.48491e-01    5.48801e-01    5.49357e-01    5.49997e-01
 1.36316e-01    5.49472e-01    5.48245e-01    5.48837e-01    5.48322e-01    5.48289e-01    5.48616e-01    5.49203e-01    5.49877e-01
 1.43539e-01    5.49324e-01    5.48031e-01    5.48654e-01    5.48111e-01    5.48077e-01    5.48422e-01    5.49040e-01    5.49751e-01
 1.51145e-01    5.49167e-01    5.47805e-01    5.48462e-01    5.47889e-01    5.47852e-01    5.48217e-01    5.48868e-01    5.49618e-01
 1.59154e-01    5.49002e-01    5.47566e-01    5.48259e-01    5.47656e-01    5.47616e-01    5.48001e-01    5.48687e-01    5.49478e-01
 1.67588e-01    5.48828e-01    5.47314e-01    5.48045e-01    5.47409e-01    5.47367e-01    5.47773e-01    5.48496e-01    5.49330e-01
 1.76468e-01    5.48644e-01    5.47049e-01    5.47819e-01    5.47149e-01    5.47104e-01    5.47532e-01    5.48294e-01    5.49174e-01
 1.85819e-01    5.48450e-01    5.46769e-01    5.47581e-01    5.46874e-01    5.46827e-01    5.47279e-01    5.48082e-01    5.49010e-01
 1.95666e-01    5.48246e-01    5.46473e-01    5.47329e-01    5.46584e-01    5.46534e-01    5.47011e-01    5.47858e-01    5.48837e-01
 2.06034e-01    5.48141e-01    5.46268e-01    5.47153e-01    5.46396e-01    5.46338e-01    5.46869e-01    5.47751e-01    5.48733e-01
 2.16952e-01    5.47803e-01    5.45832e-01    5.46785e-01    5.45956e-01    5.45900e-01    5.46431e-01    5.47373e-01    5.48461e-01
 2.28448e-01    5.47564e-01    5.45485e-01    5.46490e-01    5.45616e-01    5.45556e-01    5.46117e-01    5.47110e-01    5.48258e-01
 2.40554e-01    5.47311e-01    5.45119e-01    5.46178e-01    5.45257e-01    5.45193e-01    5.45786e-01    5.46833e-01    5.48044e-01
 2.53301e-01    5.47044e-01    5.44732e-01    5.45850e-01    5.44878e-01    5.44810e-01    5.45436e-01    5.46540e-01    5.47818e-01
 2.66723e-01    5.46763e-01    5.44324e-01    5.45503e-01    5.44478e-01    5.44406e-01    5.45066e-01    5.46231e-01    5.47580e-01
 2.80857e-01    5.46466e-01    5.43892e-01    5.45137e-01    5.44055e-01    5.43979e-01    5.44676e-01    5.45905e-01    5.47328e-01
 2.95739e-01    5.46153e-01    5.43437e-01    5.44750e-01    5.43609e-01    5.43528e-01    5.44265e-01    5.45561e-01    5.47063e-01
 3.11411e-01    5.45822e-01    5.42956e-01    5.44342e-01    5.43138e-01    5.43052e-01    5.43830e-01    5.45198e-01    5.46783e-01
 3.27912e-01    5.45473e-01    5.42448e-01    5.43911e-01    5.42641e-01    5.42550e-01    5.43371e-01    5.44815e-01    5.46487e-01
 3.45288e-01    5.45104e-01    5.41912e-01    5.43456e-01    5.42115e-01    5.42018e-01    5.42886e-01    5.44411e-01    5.46175e-01
 3.63585e-01    5.44715e-01    5.41345e-01    5.42975e-01    5.41560e-01    5.41457e-01    5.42374e-01    5.43983e-01    5.45846e-01
 3.82851e-01    5.44305e-01    5.40746e-01    5.42467e-01    5.40973e-01    5.40865e-01    5.41833e-01    5.43532e-01    5.45499e-01
 4.03139e-01    5.43871e-01    5.40113e-01    5.41930e-01    5.40353e-01    5.40238e-01    5.41262e-01    5.43056e-01    5.45132e-01
 4.24501e-01    5.43413e-01    5.39444e-01    5.41363e-01    5.39698e-01    5.39576e-01    5.40658e-01    5.42552e-01    5.44745e-01
 4.46995e-01    5.42929e-01    5.38737e-01    5.40764e-01    5.39005e-01    5.38876e-01    5.40020e-01    5.42021e-01    5.44336e-01
 4.70682e-01    5.42417e-01    5.37989e-01    5.40131e-01    5.38273e-01    5.38136e-01    5.39345e-01    5.41459e-01    5.43904e-01
 4.95623e-01    5.41877e-01    5.37198e-01    5.39461e-01    5.37498e-01    5.37353e-01    5.38632e-01    5.40865e-01    5.43448e-01
 5.21886e-01    5.41306e-01    5.36362e-01    5.38753e-01    5.36679e-01    5.36525e-01    5.37877e-01    5.40237e-01    5.42966e-01
 5.49541e-01    5.40703e-01    5.35477e-01    5.38004e-01    5.35813e-01    5.35649e-01    5.37079e-01    5.39574e-01    5.42457e-01
 5.78661e-01    5.40065e-01    5.34541e-01    5.37212e-01    5.34896e-01    5.34722e-01    5.36235e-01    5.38872e-01    5.41919e-01
 6.09324e-01    5.39391e-01    5.33550e-01    5.36374e-01    5.33926e-01    5.33742e-01    5.35343e-01    5.38130e-01    5.41350e-01
 6.41612e-01    5.38678e-01    5.32501e-01    5.35487e-01    5.32899e-01    5.32704e-01    5.34398e-01    5.37345e-01    5.40749e-01
 6.75611e-01    5.37923e-01    5.31390e-01    5.34548e-01    5.31812e-01    5.31605e-01    5.33398e-01    5.36515e-01    5.40113e-01
 7.11412e-01    5.37126e-01    5.30215e-01    5.33555e-01    5.30661e-01    5.30441e-01    5.32339e-01    5.35637e-01    5.39441e-01
 7.49110e-01    5.36281e-01    5.28970e-01    5.32504e-01    5.29442e-01    5.29209e-01    5.31219e-01    5.34708e-01    5.38731e-01
 7.88805e-01    5.35388e-01    5.27651e-01    5.31390e-01    5.28151e-01    5.27904e-01    5.30032e-01    5.33724e-01    5.37979e-01
 8.30604e-01    5.34443e-01    5.26254e-01    5.30211e-01    5.26784e-01    5.26522e-01    5.28775e-01    5.32683e-01    5.37184e-01
 8.74618e-01    5.33443e-01    5.24773e-01    5.28962e-01    5.25335e-01    5.25057e-01    5.27444e-01    5.31580e-01    5.36343e-01
 9.20964e-01    5.32383e-01    5.23205e-01    5.27639e-01    5.23800e-01    5.23505e-01    5.26034e-01    5.30413e-01    5.35452e-01
 9.69765e-01    5.31262e-01    5.21542e-01    5.26238e-01    5.22173e-01    5.21860e-01    5.24540e-01    5.29177e-01    5.34510e-01
 1.02115e+00    5.30074e-01    5.19780e-01    5.24753e-01    5.20449e-01    5.20117e-01    5.22957e-01    5.27867e-01    5.33513e-01
 1.07526e+00    5.28816e-01    5.17913e-01    5.23180e-01    5.18622e-01    5.18270e-01    5.21279e-01    5.26480e-01    5.32457e-01
 1.13224e+00    5.27484e-01    5.15933e-01    5.21512e-01    5.16685e-01    5.16311e-01    5.19500e-01    5.25010e-01    5.31338e-01
 1.19224e+00    5.26072e-01    5.13835e-01    5.19745e-01    5.14631e-01    5.14235e-01    5.17616e-01    5.23453e-01    5.30154e-01
 1.25542e+00    5.24577e-01    5.11611e-01    5.17873e-01    5.12455e-01    5.12035e-01    5.15618e-01    5.21803e-01    5.28900e-01
 1.32194e+00    5.22992e-01    5.09254e-01    5.15889e-01    5.10149e-01    5.09703e-01    5.13501e-01    5.20054e-01    5.27571e-01
 1.39199e+00    5.21313e-01    5.06756e-01    5.13786e-01    5.07705e-01    5.07231e-01    5.11257e-01    5.18201e-01    5.26164e-01
 1.46575e+00    5.19534e-01    5.04109e-01    5.11559e-01    5.05115e-01    5.04613e-01    5.08879e-01    5.16238e-01    5.24673e-01
 1.54342e+00    5.17649e-01    5.01307e-01    5.09200e-01    5.02372e-01    5.01840e-01    5.06360e-01    5.14157e-01    5.23094e-01
 1.62521e+00    5.15652e-01    4.98339e-01    5.06703e-01    4.99468e-01    4.98904e-01    5.03692e-01    5.11953e-01    5.21421e-01
 1.71133e+00    5.13538e-01    4.95200e-01    5.04060e-01    4.96395e-01    4.95797e-01    5.00868e-01    5.09619e-01    5.19649e-01
 1.80201e+00    5.11297e-01    4.91879e-01    5.01263e-01    4.93144e-01    4.92511e-01    4.97879e-01    5.07147e-01    5.17772e-01
 1.89750e+00    5.08926e-01    4.88370e-01    4.98306e-01    4.89708e-01    4.89038e-01    4.94718e-01    5.04530e-01    5.15784e-01
 1.99805e+00    5.06416e-01    4.84666e-01    4.95183e-01    4.86080e-01    4.85372e-01    4.91377e-01    5.01762e-01    5.13680e-01
 2.10393e+00    5.03761e-01    4.80760e-01    4.91887e-01    4.82253e-01    4.81505e-01    4.87850e-01    4.98834e-01    5.11453e-01
 2.21541e+00    5.00954e-01    4.76645e-01    4.88411e-01    4.78221e-01    4.77431e-01    4.84129e-01    4.95741e-01    5.09097e-01
 2.33281e+00    4.97989e-01    4.72318e-01    4.84752e-01    4.73978e-01    4.73146e-01    4.80208e-01    4.92476e-01    5.06605e-01
 2.45642e+00    4.94859e-01    4.67776e-01    4.80904e-01    4.69522e-01    4.68646e-01    4.76084e-01    4.89031e-01    5.03972e-01
 2.58659e+00    4.91558e-01    4.63016e-01    4.76864e-01    4.64851e-01    4.63930e-01    4.71751e-01    4.85403e-01    5.01192e-01
 2.72365e+00    4.88081e-01    4.58041e-01    4.72632e-01    4.59964e-01    4.58999e-01    4.67209e-01    4.81585e-01    4.98258e-01
 2.86798e+00    4.84424e-01    4.52853e-01    4.68207e-01    4.54865e-01    4.53855e-01    4.62456e-01    4.77575e-01    4.95166e-01
 3.01995e+00    4.80583e-01    4.47459e-01    4.63592e-01    4.49559e-01    4.48504e-01    4.57496e-01    4.73370e-01    4.91910e-01
 3.17998e+00    4.76555e-01    4.41868e-01    4.58792e-01    4.44054e-01    4.42956e-01    4.52333e-01    4.68969e-01    4.88487e-01
 3.34849e+00    4.72341e-01    4.36095e-01    4.53813e-01    4.38362e-01    4.37223e-01    4.46975e-01    4.64374e-01    4.84894e-01
 3.52592e+00    4.67940e-01    4.30155e-01    4.48666e-01    4.32500e-01    4.31323e-01    4.41431e-01    4.59587e-01    4.81127e-01
 3.71276e+00    4.63358e-01    4.24072e-01    4.43365e-01    4.26488e-01    4.25274e-01    4.35719e-01    4.54617e-01    4.77188e-01
 3.90950e+00    4.58596e-01    4.17868e-01    4.37925e-01    4.20348e-01    4.19102e-01    4.29855e-01    4.49468e-01    4.73076e-01
 4.11666e+00    4.53664e-01    4.11574e-01    4.32364e-01    4.14107e-01    4.12835e-01    4.23859e-01    4.44153e-01    4.68793e-01
 4.33481e+00    4.48570e-01    4.05220e-01    4.26705e-01    4.07797e-01    4.06503e-01    4.17758e-01    4.38687e-01    4.64343e-01
 4.56451e+00    4.43328e-01    3.98843e-01    4.20971e-01    4.01450e-01    4.00140e-01    4.11578e-01    4.33085e-01    4.59733e-01
 4.80638e+00    4.37952e-01    3.92477e-01    4.15187e-01    3.95102e-01    3.93783e-01    4.05351e-01    4.27367e-01    4.54971e-01
 5.06107e+00    4.32459e-01    3.86162e-01    4.09380e-01    3.88789e-01    3.87469e-01    3.99109e-01    4.21555e-01    4.50065e-01
 5.32926e+00    4.26869e-01    3.79933e-01    4.03577e-01    3.82548e-01    3.81235e-01    3.92886e-01    4.15674e-01    4.45029e-01
 5.61165e+00    4.21203e-01    3.73829e-01    3.97807e-01    3.76417e-01    3.75117e-01    3.86716e-01    4.09749e-01    4.39877e-01
 5.90902e+00    4.15484e-01    3.67883e-01    3.92094e-01    3.70429e-01    3.69151e-01    3.80634e-01    4.03808e-01    4.34623e-01
 6.22213e+00    4.09737e-01    3.62127e-01    3.86464e-01    3.64617e-01    3.63367e-01    3.74673e-01    3.97879e-01    4.29285e-01
 6.55185e+00    4.03986e-01    3.56590e-01    3.80941e-01    3.59010e-01    3.57795e-01    3.68862e-01    3.91990e-01    4.23882e-01
 6.89903e+00    3.98256e-01    3.51293e-01    3.75545e-01    3.53631e-01    3.52458e-01    3.63231e-01    3.86170e-01    4.18434e-01
 7.26461e+00    3.92574e-01    3.46256e-01    3.70294e-01    3.48502e-01    3.47375e-01    3.57804e-01    3.80445e-01    4.12960e-01
 7.64956e+00    3.86963e-01    3.41492e-01    3.65203e-01    3.43638e-01    3.42562e-01    3.52602e-01    3.74840e-01    4.07481e-01
 8.05491e+00    3.81447e-01    3.37011e-01    3.60286e-01    3.39050e-01    3.38028e-01    3.47642e-01    3.69380e-01    4.02019e-01
 8.48174e+00    3.76046e-01    3.32816e-01    3.55552e-01    3.34742e-01    3.33777e-01    3.42936e-01    3.64085e-01    3.96594e-01
 8.93119e+00    3.70782e-01    3.28908e-01    3.51008e-01    3.30718e-01    3.29811e-01    3.38493e-01    3.58972e-01    3.91225e-01
 9.40445e+00    3.65673e-01    3.25281e-01    3.46661e-01    3.26975e-01    3.26127e-01    3.34318e-01    3.54059e-01    3.85932e-01
 9.90279e+00    3.60732e-01    3.21929e-01    3.42513e-01    3.23507e-01    3.22717e-01    3.30411e-01    3.49356e-01    3.80733e-01
 1.04275e+01    3.55974e-01    3.18841e-01    3.38566e-01    3.20306e-01    3.19573e-01    3.26769e-01    3.44874e-01    3.75643e-01
 1.09801e+01    3.51408e-01    3.16007e-01    3.34820e-01    3.17360e-01    3.16683e-01    3.23387e-01    3.40619e-01    3.70678e-01
 1.15619e+01    3.47043e-01    3.13411e-01    3.31275e-01    3.14658e-01    3.14035e-01    3.20258e-01    3.36594e-01    3.65851e-01
 1.21746e+01    3.42885e-01    3.11040e-01    3.27929e-01    3.12185e-01    3.11613e-01    3.17371e-01    3.32800e-01    3.61174e-01
 1.28197e+01    3.38936e-01    3.08878e-01    3.24778e-01    3.09927e-01    3.09403e-01    3.14714e-01    3.29237e-01    3.56656e-01
 1.34990e+01    3.35198e-01    3.06910e-01    3.21818e-01    3.07868e-01    3.07390e-01    3.12276e-01    3.25900e-01    3.52305e-01
 1.42144e+01    3.31669e-01    3.05120e-01    3.19046e-01    3.05994e-01    3.05559e-01    3.10043e-01    3.22784e-01    3.48128e-01
 1.49676e+01    3.28348e-01    3.03494e-01    3.16455e-01    3.04290e-01    3.03894e-01    3.08001e-01    3.19883e-01    3.44128e-01
 1.57607e+01    3.25230e-01    3.02017e-01    3.14041e-01    3.02741e-01    3.02381e-01    3.06136e-01    3.17188e-01    3.40309e-01
 1.65959e+01    3.22309e-01    3.00676e-01    3.11795e-01    3.01334e-01    3.01007e-01    3.04436e-01    3.14691e-01    3.36671e-01
 1.74809e+01    3.19564e-01    2.99449e-01    3.09698e-01    3.00047e-01    2.99751e-01    3.02877e-01    3.12367e-01    3.33195e-01
 1.84132e+01    3.17004e-01    2.98335e-01    3.07758e-01    2.98878e-01    2.98609e-01    3.01457e-01    3.10222e-01    3.29901e-01
 1.93951e+01    3.14623e-01    2.97320e-01    3.05965e-01    2.97813e-01    2.97569e-01    3.00163e-01    3.08246e-01    3.26788e-01
 2.04294e+01    3.12410e-01    2.96394e-01    3.04311e-01    2.96843e-01    2.96621e-01    2.98985e-01    3.06427e-01    3.23852e-01
 2.15189e+01    3.10357e-01    2.95547e-01    3.02786e-01    2.95956e-01    2.95754e-01    2.97909e-01    3.04755e-01    3.21089e-01
 2.26665e+01    3.08455e-01    2.94769e-01    3.01383e-01    2.95143e-01    2.94959e-01    2.96926e-01    3.03218e-01    3.18494e-01
 2.38753e+01    3.06694e-01    2.94053e-01    3.00091e-01    2.94396e-01    2.94227e-01    2.96026e-01    3.01806e-01    3.16060e-01
 2.51485e+01    3.05065e-01    2.93391e-01    2.98901e-01    2.93705e-01    2.93551e-01    2.95200e-01    3.00509e-01    3.13782e-01
 2.64897e+01    3.03558e-01    2.92774e-01    2.97805e-01    2.93064e-01    2.92922e-01    2.94438e-01    2.99316e-01    3.11653e-01
 2.79024e+01    3.02163e-01    2.92197e-01    2.96793e-01    2.92466e-01    2.92334e-01    2.93732e-01    2.98218e-01    3.09667e-01
 2.93904e+01    3.00873e-01    2.91652e-01    2.95858e-01    2.91903e-01    2.91780e-01    2.93076e-01    2.97206e-01    3.07815e-01
 3.09577e+01    2.99679e-01    2.91134e-01    2.94990e-01    2.91370e-01    2.91255e-01    2.92462e-01    2.96272e-01    3.06091e-01
 3.26087e+01    2.98571e-01    2.90638e-01    2.94182e-01    2.90860e-01    2.90752e-01    2.91883e-01    2.95406e-01    3.04486e-01
 3.43477e+01    2.97542e-01    2.90157e-01    2.93427e-01    2.90369e-01    2.90265e-01    2.91333e-01    2.94600e-01    3.02994e-01
 3.61794e+01    2.96584e-01    2.89686e-01    2.92716e-01    2.89891e-01    2.89791e-01    2.90807e-01    2.93848e-01    3.01607e-01
 3.81088e+01    2.95689e-01    2.89221e-01    2.92042e-01    2.89420e-01    2.89323e-01    2.90298e-01    2.93143e-01    3.00316e-01
 4.01411e+01    2.94850e-01    2.88755e-01    2.91398e-01    2.88951e-01    2.88855e-01    2.89801e-01    2.92476e-01    2.99115e-01
 4.22818e+01    2.94060e-01    2.88284e-01    2.90778e-01    2.88478e-01    2.88384e-01    2.89310e-01    2.91842e-01    2.97995e-01
 4.45367e+01    2.93312e-01    2.87802e-01    2.90174e-01    2.87997e-01    2.87902e-01    2.88819e-01    2.91234e-01    2.96950e-01
 4.69118e+01    2.92600e-01    2.87303e-01    2.89579e-01    2.87501e-01    2.87405e-01    2.88323e-01    2.90646e-01    2.95971e-01
 4.94136e+01    2.91916e-01    2.86780e-01    2.88986e-01    2.86985e-01    2.86885e-01    2.87816e-01    2.90071e-01    2.95052e-01
 5.20487e+01    2.91253e-01    2.86227e-01    2.88388e-01    2.86439e-01    2.86335e-01    2.87291e-01    2.89503e-01    2.94184e-01
#5.48245e+01    2.90606e-01    2.85634e-01    2.87777e-01    2.85858e-01    2.85748e-01    2.86741e-01    2.88935e-01    2.93361e-01
#5.77482e+01    2.89967e-01    2.84993e-01    2.87144e-01    2.85232e-01    2.85115e-01    2.86158e-01    2.88360e-01    2.92575e-01
#6.08279e+01    2.89329e-01    2.84293e-01    2.86479e-01    2.84550e-01    2.84424e-01    2.85534e-01    2.87771e-01    2.91818e-01
#6.40718e+01    2.88683e-01    2.83521e-01    2.85771e-01    2.83801e-01    2.83662e-01    2.84856e-01    2.87160e-01    2.91082e-01
#6.74887e+01    2.88023e-01    2.82661e-01    2.85008e-01    2.82968e-01    2.82816e-01    2.84114e-01    2.86516e-01    2.90360e-01
#7.10878e+01    2.87337e-01    2.81693e-01    2.84174e-01    2.82035e-01    2.81865e-01    2.83293e-01    2.85830e-01    2.89642e-01
#7.48788e+01    2.86615e-01    2.80596e-01    2.83251e-01    2.80978e-01    2.80788e-01    2.82374e-01    2.85090e-01    2.88920e-01
#7.88720e+01    2.85846e-01    2.79338e-01    2.82217e-01    2.79771e-01    2.79555e-01    2.81337e-01    2.84281e-01    2.88183e-01
#8.30782e+01    2.85012e-01    2.77883e-01    2.81043e-01    2.78379e-01    2.78131e-01    2.80152e-01    2.83384e-01    2.87419e-01
#8.75087e+01    2.84098e-01    2.76183e-01    2.79695e-01    2.76755e-01    2.76469e-01    2.78785e-01    2.82379e-01    2.86614e-01
#9.21755e+01    2.83081e-01    2.74177e-01    2.78128e-01    2.74844e-01    2.74510e-01    2.77192e-01    2.81238e-01    2.85753e-01
#9.70911e+01    2.81932e-01    2.71783e-01    2.76282e-01    2.72569e-01    2.72174e-01    2.75315e-01    2.79926e-01    2.84817e-01
#1.02269e+02    2.80618e-01    2.68895e-01    2.74080e-01    2.69832e-01    2.69360e-01    2.73079e-01    2.78400e-01    2.83781e-01
#1.07723e+02    2.79092e-01    2.65372e-01    2.71423e-01    2.66501e-01    2.65932e-01    2.70384e-01    2.76602e-01    2.82616e-01
#1.13468e+02    2.77296e-01    2.61027e-01    2.68176e-01    2.62403e-01    2.61709e-01    2.67100e-01    2.74456e-01    2.81284e-01
#1.19519e+02    2.75154e-01    2.55616e-01    2.64163e-01    2.57309e-01    2.56455e-01    2.63055e-01    2.71865e-01    2.79737e-01
#1.25893e+02    2.72567e-01    2.48824e-01    2.59161e-01    2.50929e-01    2.49865e-01    2.58026e-01    2.68701e-01    2.77911e-01
