# 1) Radius of the zone in units of one solar radius
# 2) Fraction of nitrogen 13 neutrinos produced in the zone
 0.00041    3.040e-06
 0.00082    8.834e-06
 0.00123    1.463e-05
 0.00164    2.260e-05
 0.00205    3.370e-05
 0.00246    4.701e-05
 0.00287    6.250e-05
 0.00328    8.017e-05
 0.00369    9.999e-05
 0.00410    1.220e-04
 0.00451    1.460e-04
 0.00492    1.722e-04
 0.00533    2.004e-04
 0.00574    2.307e-04
 0.00615    2.630e-04
 0.00656    2.972e-04
 0.00697    3.334e-04
 0.00738    3.716e-04
 0.00779    4.115e-04
 0.00820    4.534e-04
 0.00861    4.970e-04
 0.00902    5.424e-04
 0.00943    5.895e-04
 0.00984    6.383e-04
 0.01025    6.886e-04
 0.01066    7.406e-04
 0.01107    7.941e-04
 0.01148    8.491e-04
 0.01189    9.054e-04
 0.01230    9.632e-04
 0.01270    1.022e-03
 0.01311    1.083e-03
 0.01352    1.144e-03
 0.01393    1.207e-03
 0.01434    1.271e-03
 0.01475    1.335e-03
 0.01516    1.401e-03
 0.01557    1.468e-03
 0.01598    1.536e-03
 0.01639    1.604e-03
 0.01680    1.673e-03
 0.01721    1.743e-03
 0.01762    1.813e-03
 0.01803    1.884e-03
 0.01844    1.956e-03
 0.01885    2.028e-03
 0.01926    2.100e-03
 0.01967    2.172e-03
 0.02008    2.245e-03
 0.02049    2.318e-03
 0.02090    2.391e-03
 0.02131    2.464e-03
 0.02172    2.537e-03
 0.02213    2.610e-03
 0.02254    2.683e-03
 0.02295    2.756e-03
 0.02336    2.828e-03
 0.02377    2.901e-03
 0.02418    2.972e-03
 0.02459    3.044e-03
 0.02500    3.115e-03
 0.02541    3.185e-03
 0.02582    3.255e-03
 0.02623    3.324e-03
 0.02664    3.393e-03
 0.02705    3.461e-03
 0.02746    3.528e-03
 0.02787    3.594e-03
 0.02828    3.659e-03
 0.02869    3.723e-03
 0.02910    3.787e-03
 0.02951    3.849e-03
 0.02992    3.911e-03
 0.03033    3.971e-03
 0.03074    4.030e-03
 0.03115    4.088e-03
 0.03156    4.145e-03
 0.03197    4.200e-03
 0.03238    4.255e-03
 0.03279    4.308e-03
 0.03320    4.359e-03
 0.03361    4.410e-03
 0.03402    4.458e-03
 0.03443    4.506e-03
 0.03484    4.552e-03
 0.03525    4.596e-03
 0.03566    4.640e-03
 0.03607    4.681e-03
 0.03648    4.721e-03
 0.03689    4.760e-03
 0.03730    4.797e-03
 0.03770    4.832e-03
 0.03811    4.866e-03
 0.03852    4.898e-03
 0.03893    4.929e-03
 0.03934    4.958e-03
 0.03975    4.986e-03
 0.04016    5.011e-03
 0.04057    5.036e-03
 0.04098    5.058e-03
 0.04139    5.080e-03
 0.04180    5.099e-03
 0.04221    5.117e-03
 0.04262    5.133e-03
 0.04303    5.147e-03
 0.04344    5.160e-03
 0.04385    5.172e-03
 0.04426    5.181e-03
 0.04467    5.190e-03
 0.04508    5.197e-03
 0.04549    5.201e-03
 0.04590    5.205e-03
 0.04631    5.207e-03
 0.04672    5.208e-03
 0.04713    5.207e-03
 0.04754    5.205e-03
 0.04795    5.201e-03
 0.04836    5.195e-03
 0.04877    5.189e-03
 0.04918    5.181e-03
 0.04959    5.172e-03
 0.05000    5.161e-03
 0.05041    5.148e-03
 0.05082    5.135e-03
 0.05123    5.121e-03
 0.05164    5.104e-03
 0.05205    5.087e-03
 0.05246    5.069e-03
 0.05287    5.049e-03
 0.05328    5.028e-03
 0.05369    5.007e-03
 0.05410    4.984e-03
 0.05451    4.960e-03
 0.05492    4.935e-03
 0.05533    4.909e-03
 0.05574    4.881e-03
 0.05615    4.853e-03
 0.05656    4.824e-03
 0.05697    4.794e-03
 0.05738    4.764e-03
 0.05779    4.732e-03
 0.05820    4.700e-03
 0.05861    4.666e-03
 0.05902    4.632e-03
 0.05943    4.598e-03
 0.05984    4.562e-03
 0.06025    4.526e-03
 0.06066    4.489e-03
 0.06107    4.452e-03
 0.06148    4.414e-03
 0.06189    4.375e-03
 0.06230    4.336e-03
 0.06270    4.296e-03
 0.06311    4.256e-03
 0.06352    4.216e-03
 0.06393    4.175e-03
 0.06434    4.134e-03
 0.06475    4.092e-03
 0.06516    4.050e-03
 0.06557    4.007e-03
 0.06598    3.964e-03
 0.06639    3.922e-03
 0.06680    3.878e-03
 0.06721    3.835e-03
 0.06762    3.791e-03
 0.06803    3.747e-03
 0.06844    3.703e-03
 0.06885    3.659e-03
 0.06926    3.615e-03
 0.06967    3.570e-03
 0.07008    3.526e-03
 0.07049    3.481e-03
 0.07090    3.437e-03
 0.07131    3.392e-03
 0.07172    3.348e-03
 0.07213    3.304e-03
 0.07254    3.259e-03
 0.07295    3.215e-03
 0.07336    3.170e-03
 0.07377    3.126e-03
 0.07418    3.082e-03
 0.07459    3.039e-03
 0.07500    2.995e-03
 0.07541    2.951e-03
 0.07582    2.908e-03
 0.07623    2.865e-03
 0.07664    2.821e-03
 0.07705    2.779e-03
 0.07746    2.736e-03
 0.07787    2.694e-03
 0.07828    2.652e-03
 0.07869    2.610e-03
 0.07910    2.568e-03
 0.07951    2.527e-03
 0.07992    2.486e-03
 0.08033    2.446e-03
 0.08074    2.405e-03
 0.08115    2.365e-03
 0.08156    2.326e-03
 0.08197    2.286e-03
 0.08238    2.247e-03
 0.08279    2.209e-03
 0.08320    2.171e-03
 0.08361    2.133e-03
 0.08402    2.095e-03
 0.08443    2.058e-03
 0.08484    2.021e-03
 0.08525    1.985e-03
 0.08566    1.949e-03
 0.08607    1.913e-03
 0.08648    1.878e-03
 0.08689    1.844e-03
 0.08730    1.809e-03
 0.08770    1.775e-03
 0.08811    1.742e-03
 0.08852    1.709e-03
 0.08893    1.676e-03
 0.08934    1.644e-03
 0.08975    1.612e-03
 0.09016    1.580e-03
 0.09057    1.549e-03
 0.09098    1.519e-03
 0.09139    1.489e-03
 0.09180    1.459e-03
 0.09221    1.429e-03
 0.09262    1.401e-03
 0.09303    1.372e-03
 0.09344    1.344e-03
 0.09385    1.316e-03
 0.09426    1.289e-03
 0.09467    1.262e-03
 0.09508    1.236e-03
 0.09549    1.210e-03
 0.09590    1.184e-03
 0.09631    1.159e-03
 0.09672    1.134e-03
 0.09713    1.110e-03
 0.09754    1.086e-03
 0.09795    1.062e-03
 0.09836    1.039e-03
 0.09877    1.017e-03
 0.09918    9.942e-04
 0.09959    9.721e-04
 0.10000    9.505e-04
 0.10041    9.293e-04
 0.10082    9.085e-04
 0.10123    8.880e-04
 0.10164    8.679e-04
 0.10205    8.481e-04
 0.10246    8.287e-04
 0.10287    8.097e-04
 0.10328    7.910e-04
 0.10369    7.727e-04
 0.10410    7.547e-04
 0.10451    7.371e-04
 0.10492    7.198e-04
 0.10533    7.029e-04
 0.10574    6.862e-04
 0.10615    6.699e-04
 0.10656    6.539e-04
 0.10697    6.383e-04
 0.10738    6.229e-04
 0.10779    6.079e-04
 0.10820    5.932e-04
 0.10861    5.788e-04
 0.10902    5.646e-04
 0.10943    5.508e-04
 0.10984    5.372e-04
 0.11025    5.240e-04
 0.11066    5.110e-04
 0.11107    4.982e-04
 0.11148    4.858e-04
 0.11189    4.736e-04
 0.11230    4.617e-04
 0.11270    4.501e-04
 0.11311    4.387e-04
 0.11352    4.275e-04
 0.11393    4.166e-04
 0.11434    4.059e-04
 0.11475    3.955e-04
 0.11516    3.853e-04
 0.11557    3.753e-04
 0.11598    3.656e-04
 0.11639    3.561e-04
 0.11680    3.468e-04
 0.11721    3.377e-04
 0.11762    3.288e-04
 0.11803    3.201e-04
 0.11844    3.117e-04
 0.11885    3.034e-04
 0.11926    2.953e-04
 0.11967    2.874e-04
 0.12008    2.797e-04
 0.12049    2.722e-04
 0.12090    2.649e-04
 0.12131    2.577e-04
 0.12172    2.507e-04
 0.12213    2.439e-04
 0.12254    2.372e-04
 0.12295    2.307e-04
 0.12336    2.244e-04
 0.12377    2.182e-04
 0.12418    2.122e-04
 0.12459    2.063e-04
 0.12500    2.006e-04
 0.12541    1.951e-04
 0.12582    1.896e-04
 0.12623    1.844e-04
 0.12664    1.792e-04
 0.12705    1.743e-04
 0.12746    1.695e-04
 0.12787    1.648e-04
 0.12828    1.603e-04
 0.12869    1.560e-04
 0.12910    1.518e-04
 0.12951    1.479e-04
 0.12992    1.441e-04
 0.13033    1.406e-04
 0.13074    1.373e-04
 0.13115    1.343e-04
 0.13156    1.316e-04
 0.13197    1.292e-04
 0.13238    1.272e-04
 0.13279    1.256e-04
 0.13320    1.244e-04
 0.13361    1.238e-04
 0.13402    1.238e-04
 0.13443    1.245e-04
 0.13484    1.258e-04
 0.13525    1.280e-04
 0.13566    1.310e-04
 0.13607    1.352e-04
 0.13648    1.403e-04
 0.13689    1.465e-04
 0.13730    1.541e-04
 0.13770    1.631e-04
 0.13811    1.735e-04
 0.13852    1.856e-04
 0.13893    1.992e-04
 0.13934    2.146e-04
 0.13975    2.320e-04
 0.14016    2.515e-04
 0.14057    2.729e-04
 0.14098    2.965e-04
 0.14139    3.224e-04
 0.14180    3.506e-04
 0.14221    3.810e-04
 0.14262    4.137e-04
 0.14303    4.489e-04
 0.14344    4.862e-04
 0.14385    5.257e-04
 0.14426    5.678e-04
 0.14467    6.127e-04
 0.14508    6.595e-04
 0.14549    7.082e-04
 0.14590    7.592e-04
 0.14631    8.126e-04
 0.14672    8.681e-04
 0.14713    9.256e-04
 0.14754    9.843e-04
 0.14795    1.044e-03
 0.14836    1.105e-03
 0.14877    1.168e-03
 0.14918    1.232e-03
 0.14959    1.296e-03
 0.15000    1.362e-03
 0.15041    1.427e-03
 0.15082    1.492e-03
 0.15123    1.558e-03
 0.15164    1.623e-03
 0.15205    1.688e-03
 0.15246    1.752e-03
 0.15287    1.816e-03
 0.15328    1.879e-03
 0.15369    1.940e-03
 0.15410    1.999e-03
 0.15451    2.058e-03
 0.15492    2.115e-03
 0.15533    2.170e-03
 0.15574    2.222e-03
 0.15615    2.273e-03
 0.15656    2.321e-03
 0.15697    2.367e-03
 0.15738    2.411e-03
 0.15779    2.451e-03
 0.15820    2.490e-03
 0.15861    2.525e-03
 0.15902    2.558e-03
 0.15943    2.588e-03
 0.15984    2.616e-03
 0.16025    2.640e-03
 0.16066    2.662e-03
 0.16107    2.680e-03
 0.16148    2.696e-03
 0.16189    2.709e-03
 0.16230    2.720e-03
 0.16270    2.728e-03
 0.16311    2.733e-03
 0.16352    2.735e-03
 0.16393    2.735e-03
 0.16434    2.732e-03
 0.16475    2.727e-03
 0.16516    2.720e-03
 0.16557    2.710e-03
 0.16598    2.699e-03
 0.16639    2.685e-03
 0.16680    2.669e-03
 0.16721    2.651e-03
 0.16762    2.631e-03
 0.16803    2.610e-03
 0.16844    2.587e-03
 0.16885    2.563e-03
 0.16926    2.537e-03
 0.16967    2.509e-03
 0.17008    2.481e-03
 0.17049    2.451e-03
 0.17090    2.420e-03
 0.17131    2.389e-03
 0.17172    2.356e-03
 0.17213    2.322e-03
 0.17254    2.288e-03
 0.17295    2.253e-03
 0.17336    2.218e-03
 0.17377    2.182e-03
 0.17418    2.145e-03
 0.17459    2.108e-03
 0.17500    2.071e-03
 0.17541    2.034e-03
 0.17582    1.996e-03
 0.17623    1.959e-03
 0.17664    1.921e-03
 0.17705    1.883e-03
 0.17746    1.845e-03
 0.17787    1.808e-03
 0.17828    1.770e-03
 0.17869    1.733e-03
 0.17910    1.695e-03
 0.17951    1.659e-03
 0.17992    1.622e-03
 0.18033    1.586e-03
 0.18074    1.550e-03
 0.18115    1.514e-03
 0.18156    1.479e-03
 0.18197    1.444e-03
 0.18238    1.409e-03
 0.18279    1.375e-03
 0.18320    1.342e-03
 0.18361    1.309e-03
 0.18402    1.276e-03
 0.18443    1.244e-03
 0.18484    1.213e-03
 0.18525    1.182e-03
 0.18566    1.151e-03
 0.18607    1.121e-03
 0.18648    1.092e-03
 0.18689    1.063e-03
 0.18730    1.035e-03
 0.18770    1.007e-03
 0.18811    9.801e-04
 0.18852    9.534e-04
 0.18893    9.274e-04
 0.18934    9.019e-04
 0.18975    8.769e-04
 0.19016    8.525e-04
 0.19057    8.287e-04
 0.19098    8.054e-04
 0.19139    7.825e-04
 0.19180    7.603e-04
 0.19221    7.386e-04
 0.19262    7.174e-04
 0.19303    6.967e-04
 0.19344    6.764e-04
 0.19385    6.568e-04
 0.19426    6.376e-04
 0.19467    6.188e-04
 0.19508    6.006e-04
 0.19549    5.828e-04
 0.19590    5.655e-04
 0.19631    5.486e-04
 0.19672    5.322e-04
 0.19713    5.162e-04
 0.19754    5.006e-04
 0.19795    4.855e-04
 0.19836    4.708e-04
 0.19877    4.564e-04
 0.19918    4.425e-04
 0.19959    4.289e-04
 0.20000    4.157e-04
 0.20041    4.030e-04
 0.20082    3.905e-04
 0.20123    3.784e-04
 0.20164    3.667e-04
 0.20205    3.553e-04
 0.20246    3.442e-04
 0.20287    3.334e-04
 0.20328    3.230e-04
 0.20369    3.128e-04
 0.20410    3.030e-04
 0.20451    2.934e-04
 0.20492    2.841e-04
 0.20533    2.751e-04
 0.20574    2.664e-04
 0.20615    2.579e-04
 0.20656    2.497e-04
 0.20697    2.417e-04
 0.20738    2.340e-04
 0.20779    2.265e-04
 0.20820    2.192e-04
 0.20861    2.122e-04
 0.20902    2.053e-04
 0.20943    1.987e-04
 0.20984    1.923e-04
 0.21025    1.861e-04
 0.21066    1.800e-04
 0.21107    1.742e-04
 0.21148    1.685e-04
 0.21189    1.630e-04
 0.21230    1.577e-04
 0.21270    1.526e-04
 0.21311    1.476e-04
 0.21352    1.428e-04
 0.21393    1.381e-04
 0.21434    1.336e-04
 0.21475    1.292e-04
 0.21516    1.249e-04
 0.21557    1.208e-04
 0.21598    1.168e-04
 0.21639    1.130e-04
 0.21680    1.092e-04
 0.21721    1.056e-04
 0.21762    1.021e-04
 0.21803    9.876e-05
 0.21844    9.549e-05
 0.21885    9.232e-05
 0.21926    8.925e-05
 0.21967    8.628e-05
 0.22008    8.341e-05
 0.22049    8.063e-05
 0.22090    7.794e-05
 0.22131    7.534e-05
 0.22172    7.282e-05
 0.22213    7.039e-05
 0.22254    6.803e-05
 0.22295    6.577e-05
 0.22336    6.357e-05
 0.22377    6.143e-05
 0.22418    5.937e-05
 0.22459    5.737e-05
 0.22500    5.544e-05
 0.22541    5.358e-05
 0.22582    5.177e-05
 0.22623    5.003e-05
 0.22664    4.834e-05
 0.22705    4.671e-05
 0.22746    4.514e-05
 0.22787    4.361e-05
 0.22828    4.213e-05
 0.22869    4.071e-05
 0.22910    3.933e-05
 0.22951    3.800e-05
 0.22992    3.671e-05
 0.23033    3.547e-05
 0.23074    3.427e-05
 0.23115    3.310e-05
 0.23156    3.198e-05
 0.23197    3.089e-05
 0.23238    2.984e-05
 0.23279    2.883e-05
 0.23320    2.785e-05
 0.23361    2.690e-05
 0.23402    2.598e-05
 0.23443    2.510e-05
 0.23484    2.424e-05
 0.23525    2.341e-05
 0.23566    2.261e-05
 0.23607    2.184e-05
 0.23648    2.110e-05
 0.23689    2.037e-05
 0.23730    1.968e-05
 0.23770    1.901e-05
 0.23811    1.835e-05
 0.23852    1.773e-05
 0.23893    1.712e-05
 0.23934    1.653e-05
 0.23975    1.597e-05
 0.24016    1.542e-05
 0.24057    1.489e-05
 0.24098    1.438e-05
 0.24139    1.389e-05
 0.24180    1.341e-05
 0.24221    1.295e-05
 0.24262    1.250e-05
 0.24303    1.208e-05
 0.24344    1.166e-05
 0.24385    1.126e-05
 0.24426    1.087e-05
 0.24467    1.050e-05
 0.24508    1.013e-05
 0.24549    9.783e-06
 0.24590    9.446e-06
 0.24631    9.121e-06
 0.24672    8.806e-06
 0.24713    8.501e-06
 0.24754    8.209e-06
 0.24795    7.930e-06
 0.24836    7.658e-06
 0.24877    7.395e-06
 0.24918    7.138e-06
 0.24959    6.891e-06
 0.25000    6.651e-06
 0.25041    6.418e-06
 0.25082    6.194e-06
 0.25123    5.982e-06
 0.25164    5.777e-06
 0.25205    5.577e-06
 0.25246    5.384e-06
 0.25287    5.197e-06
 0.25328    5.016e-06
 0.25369    4.841e-06
 0.25410    4.672e-06
 0.25451    4.510e-06
 0.25492    4.354e-06
 0.25533    4.203e-06
 0.25574    4.057e-06
 0.25615    3.915e-06
 0.25656    3.780e-06
 0.25697    3.650e-06
 0.25738    3.524e-06
 0.25779    3.402e-06
 0.25820    3.283e-06
 0.25861    3.169e-06
 0.25902    3.058e-06
 0.25943    2.951e-06
 0.25984    2.847e-06
 0.26025    2.749e-06
 0.26066    2.653e-06
 0.26107    2.561e-06
 0.26148    2.471e-06
 0.26189    2.385e-06
 0.26230    2.303e-06
 0.26270    2.223e-06
 0.26311    2.146e-06
 0.26352    2.072e-06
 0.26393    1.999e-06
 0.26434    1.929e-06
 0.26475    1.861e-06
 0.26516    1.796e-06
 0.26557    1.733e-06
 0.26598    1.673e-06
 0.26639    1.614e-06
 0.26680    1.558e-06
 0.26721    1.503e-06
 0.26762    1.451e-06
 0.26803    1.401e-06
 0.26844    1.353e-06
 0.26885    1.306e-06
 0.26926    1.260e-06
 0.26967    1.216e-06
 0.27008    1.173e-06
 0.27049    1.132e-06
 0.27090    1.092e-06
 0.27131    1.053e-06
 0.27172    1.017e-06
 0.27213    9.818e-07
 0.27254    9.478e-07
 0.27295    9.149e-07
 0.27336    8.829e-07
 0.27377    8.519e-07
 0.27418    8.219e-07
 0.27459    7.928e-07
 0.27500    7.647e-07
 0.27541    7.376e-07
 0.27582    7.120e-07
 0.27623    6.875e-07
 0.27664    6.637e-07
 0.27705    6.406e-07
 0.27746    6.182e-07
 0.27787    5.965e-07
 0.27828    5.755e-07
 0.27869    5.551e-07
 0.27910    5.354e-07
 0.27951    5.163e-07
 0.27992    4.982e-07
 0.28033    4.812e-07
 0.28074    4.645e-07
 0.28115    4.484e-07
 0.28156    4.327e-07
 0.28197    4.175e-07
 0.28238    4.028e-07
 0.28279    3.885e-07
 0.28320    3.747e-07
 0.28361    3.614e-07
 0.28402    3.485e-07
 0.28443    3.365e-07
 0.28484    3.250e-07
 0.28525    3.137e-07
 0.28566    3.028e-07
 0.28607    2.922e-07
 0.28648    2.819e-07
 0.28689    2.719e-07
 0.28730    2.623e-07
 0.28770    2.529e-07
 0.28811    2.439e-07
 0.28852    2.352e-07
 0.28893    2.272e-07
 0.28934    2.194e-07
 0.28975    2.118e-07
 0.29016    2.044e-07
 0.29057    1.972e-07
 0.29098    1.903e-07
 0.29139    1.835e-07
 0.29180    1.770e-07
 0.29221    1.707e-07
 0.29262    1.646e-07
 0.29303    1.587e-07
 0.29344    1.533e-07
 0.29385    1.480e-07
 0.29426    1.429e-07
 0.29467    1.379e-07
 0.29508    1.331e-07
 0.29549    1.284e-07
 0.29590    1.239e-07
 0.29631    1.195e-07
 0.29672    1.152e-07
 0.29713    1.111e-07
 0.29754    1.071e-07
 0.29795    1.034e-07
 0.29836    9.985e-08
 0.29877    9.641e-08
 0.29918    9.307e-08
 0.29959    8.982e-08
 0.30000    8.667e-08
 0.30041    8.362e-08
 0.30082    8.066e-08
 0.30123    7.779e-08
 0.30164    7.502e-08
 0.30205    7.233e-08
 0.30246    6.973e-08
 0.30287    6.731e-08
 0.30328    6.501e-08
 0.30369    6.277e-08
 0.30410    6.059e-08
 0.30451    5.848e-08
 0.30492    5.643e-08
 0.30533    5.445e-08
 0.30574    5.252e-08
 0.30615    5.065e-08
 0.30656    4.884e-08
 0.30697    4.710e-08
 0.30738    4.541e-08
 0.30779    4.381e-08
 0.30820    4.231e-08
 0.30861    4.085e-08
 0.30902    3.943e-08
 0.30943    3.806e-08
 0.30984    3.673e-08
 0.31025    3.543e-08
 0.31066    3.418e-08
 0.31107    3.297e-08
 0.31148    3.180e-08
 0.31189    3.066e-08
 0.31230    2.956e-08
 0.31270    2.853e-08
 0.31311    2.755e-08
 0.31352    2.659e-08
 0.31393    2.567e-08
 0.31434    2.477e-08
 0.31475    2.390e-08
 0.31516    2.306e-08
 0.31557    2.224e-08
 0.31598    2.145e-08
 0.31639    2.069e-08
 0.31680    1.995e-08
 0.31721    1.926e-08
 0.31762    1.859e-08
 0.31803    1.794e-08
 0.31844    1.732e-08
 0.31885    1.671e-08
 0.31926    1.612e-08
 0.31967    1.555e-08
 0.32008    1.500e-08
 0.32049    1.447e-08
 0.32090    1.396e-08
 0.32131    1.347e-08
 0.32172    1.301e-08
 0.32213    1.255e-08
 0.32254    1.211e-08
 0.32295    1.168e-08
 0.32336    1.127e-08
 0.32377    1.087e-08
 0.32418    1.049e-08
 0.32459    1.013e-08
 0.32500    9.773e-09
 0.32541    9.432e-09
 0.32582    9.101e-09
 0.32623    8.780e-09
 0.32664    8.470e-09
 0.32705    8.173e-09
 0.32746    7.890e-09
 0.32787    7.616e-09
 0.32828    7.350e-09
 0.32869    7.093e-09
 0.32910    6.843e-09
 0.32951    6.602e-09
 0.32992    6.367e-09
 0.33033    6.147e-09
 0.33074    5.936e-09
 0.33115    5.731e-09
 0.33156    5.533e-09
 0.33197    5.340e-09
 0.33238    5.153e-09
 0.33279    4.972e-09
 0.33320    4.797e-09
 0.33361    4.627e-09
 0.33402    4.463e-09
 0.33443    4.305e-09
 0.33484    4.152e-09
 0.33525    4.009e-09
 0.33566    3.870e-09
 0.33607    3.736e-09
 0.33648    3.606e-09
 0.33689    3.479e-09
 0.33730    3.357e-09
 0.33770    3.238e-09
 0.33811    3.123e-09
 0.33852    3.016e-09
 0.33893    2.914e-09
 0.33934    2.815e-09
 0.33975    2.718e-09
 0.34016    2.624e-09
 0.34057    2.534e-09
 0.34098    2.445e-09
 0.34139    2.359e-09
 0.34180    2.276e-09
 0.34221    2.196e-09
 0.34262    2.117e-09
 0.34303    2.042e-09
 0.34344    1.969e-09
 0.34385    1.898e-09
 0.34426    1.834e-09
 0.34467    1.773e-09
 0.34508    1.713e-09
 0.34549    1.654e-09
 0.34590    1.597e-09
 0.34631    1.542e-09
 0.34672    1.488e-09
 0.34713    1.436e-09
 0.34754    1.386e-09
 0.34795    1.337e-09
 0.34836    1.289e-09
 0.34877    1.243e-09
 0.34918    1.199e-09
 0.34959    1.156e-09
 0.35000    1.114e-09
 0.35041    1.077e-09
 0.35082    1.041e-09
 0.35123    1.006e-09
 0.35164    9.715e-10
 0.35205    9.383e-10
 0.35246    9.060e-10
 0.35287    8.746e-10
 0.35328    8.441e-10
 0.35369    8.144e-10
 0.35410    7.858e-10
 0.35451    7.580e-10
 0.35492    7.310e-10
 0.35533    7.049e-10
 0.35574    6.796e-10
 0.35615    6.551e-10
 0.35656    6.319e-10
 0.35697    6.110e-10
 0.35738    5.906e-10
 0.35779    5.707e-10
 0.35820    5.513e-10
 0.35861    5.325e-10
 0.35902    5.142e-10
 0.35943    4.964e-10
 0.35984    4.791e-10
 0.36025    4.623e-10
 0.36066    4.461e-10
 0.36107    4.303e-10
 0.36148    4.150e-10
 0.36189    4.002e-10
 0.36230    3.859e-10
 0.36270    3.720e-10
 0.36311    3.584e-10
 0.36352    3.465e-10
 0.36393    3.349e-10
 0.36434    3.236e-10
 0.36475    3.125e-10
 0.36516    3.019e-10
 0.36557    2.915e-10
 0.36598    2.814e-10
 0.36639    2.717e-10
 0.36680    2.622e-10
 0.36721    2.530e-10
 0.36762    2.441e-10
 0.36803    2.355e-10
 0.36844    2.272e-10
 0.36885    2.191e-10
 0.36926    2.113e-10
 0.36967    2.039e-10
 0.37008    1.966e-10
 0.37049    1.899e-10
 0.37090    1.834e-10
 0.37131    1.770e-10
 0.37172    1.709e-10
 0.37213    1.650e-10
 0.37254    1.592e-10
 0.37295    1.537e-10
 0.37336    1.483e-10
 0.37377    1.431e-10
 0.37418    1.382e-10
 0.37459    1.335e-10
 0.37500    1.289e-10
 0.37541    1.245e-10
 0.37582    1.201e-10
 0.37623    1.160e-10
 0.37664    1.119e-10
 0.37705    1.080e-10
 0.37746    1.042e-10
 0.37787    1.007e-10
 0.37828    9.736e-11
 0.37869    9.409e-11
 0.37910    9.091e-11
 0.37951    8.781e-11
 0.37992    8.480e-11
 0.38033    8.187e-11
 0.38074    7.904e-11
 0.38115    7.629e-11
 0.38156    7.362e-11
 0.38197    7.103e-11
 0.38238    6.853e-11
 0.38279    6.610e-11
 0.38320    6.376e-11
 0.38361    6.149e-11
 0.38402    5.929e-11
 0.38443    5.730e-11
 0.38484    5.536e-11
 0.38525    5.349e-11
 0.38566    5.166e-11
 0.38607    4.989e-11
 0.38648    4.817e-11
 0.38689    4.650e-11
 0.38730    4.488e-11
 0.38770    4.332e-11
 0.38811    4.181e-11
 0.38852    4.034e-11
 0.38893    3.892e-11
 0.38934    3.755e-11
 0.38975    3.625e-11
 0.39016    3.502e-11
 0.39057    3.383e-11
 0.39098    3.267e-11
 0.39139    3.154e-11
 0.39180    3.045e-11
 0.39221    2.940e-11
 0.39262    2.838e-11
 0.39303    2.739e-11
 0.39344    2.643e-11
 0.39385    2.551e-11
 0.39426    2.464e-11
 0.39467    2.379e-11
 0.39508    2.298e-11
 0.39549    2.219e-11
 0.39590    2.142e-11
 0.39631    2.068e-11
 0.39672    1.996e-11
 0.39713    1.927e-11
 0.39754    1.861e-11
 0.39795    1.797e-11
 0.39836    1.735e-11
 0.39877    1.676e-11
 0.39918    1.618e-11
 0.39959    1.562e-11
 0.40000    1.508e-11
 0.40041    1.455e-11
 0.40082    1.406e-11
 0.40123    1.357e-11
 0.40164    1.311e-11
 0.40205    1.266e-11
 0.40246    1.222e-11
 0.40287    1.179e-11
 0.40328    1.139e-11
 0.40369    1.101e-11
 0.40410    1.063e-11
 0.40451    1.026e-11
 0.40492    9.909e-12
 0.40533    9.567e-12
 0.40574    9.236e-12
 0.40615    8.914e-12
 0.40656    8.609e-12
 0.40697    8.318e-12
 0.40738    8.035e-12
 0.40779    7.761e-12
 0.40820    7.495e-12
 0.40861    7.237e-12
 0.40902    6.987e-12
 0.40943    6.744e-12
 0.40984    6.511e-12
 0.41025    6.283e-12
 0.41066    6.067e-12
 0.41107    5.863e-12
 0.41148    5.663e-12
 0.41189    5.471e-12
 0.41230    5.284e-12
 0.41270    5.102e-12
 0.41311    4.926e-12
 0.41352    4.756e-12
 0.41393    4.591e-12
 0.41434    4.431e-12
 0.41475    4.277e-12
 0.41516    4.133e-12
 0.41557    3.993e-12
 0.41598    3.857e-12
 0.41639    3.725e-12
 0.41680    3.597e-12
 0.41721    3.474e-12
 0.41762    3.354e-12
 0.41803    3.238e-12
 0.41844    3.126e-12
 0.41885    3.017e-12
 0.41926    2.914e-12
 0.41967    2.815e-12
 0.42008    2.719e-12
 0.42049    2.626e-12
 0.42090    2.536e-12
 0.42131    2.448e-12
 0.42172    2.364e-12
 0.42213    2.282e-12
 0.42254    2.205e-12
 0.42295    2.130e-12
 0.42336    2.057e-12
 0.42377    1.987e-12
 0.42418    1.919e-12
 0.42459    1.853e-12
 0.42500    1.789e-12
 0.42541    1.727e-12
 0.42582    1.668e-12
 0.42623    1.612e-12
 0.42664    1.558e-12
 0.42705    1.505e-12
 0.42746    1.453e-12
 0.42787    1.404e-12
 0.42828    1.355e-12
 0.42869    1.309e-12
 0.42910    1.263e-12
 0.42951    1.220e-12
 0.42992    1.177e-12
 0.43033    1.137e-12
 0.43074    1.099e-12
 0.43115    1.062e-12
 0.43156    1.025e-12
 0.43197    9.905e-13
 0.43238    9.565e-13
 0.43279    9.236e-13
 0.43320    8.918e-13
 0.43361    8.609e-13
 0.43402    8.312e-13
 0.43443    8.033e-13
 0.43484    7.761e-13
 0.43525    7.498e-13
 0.43566    7.243e-13
 0.43607    6.994e-13
 0.43648    6.755e-13
 0.43689    6.523e-13
 0.43730    6.298e-13
 0.43770    6.080e-13
 0.43811    5.872e-13
 0.43852    5.673e-13
 0.43893    5.482e-13
 0.43934    5.296e-13
 0.43975    5.115e-13
 0.44016    4.940e-13
 0.44057    4.770e-13
 0.44098    4.606e-13
 0.44139    4.447e-13
 0.44180    4.294e-13
 0.44221    4.151e-13
 0.44262    4.012e-13
 0.44303    3.876e-13
 0.44344    3.744e-13
 0.44385    3.616e-13
 0.44426    3.492e-13
 0.44467    3.372e-13
 0.44508    3.255e-13
 0.44549    3.140e-13
 0.44590    3.037e-13
 0.44631    2.938e-13
 0.44672    2.841e-13
 0.44713    2.746e-13
 0.44754    2.654e-13
 0.44795    2.565e-13
 0.44836    2.479e-13
 0.44877    2.395e-13
 0.44918    2.313e-13
 0.44959    2.233e-13
 0.45000    2.157e-13
 0.45041    2.082e-13
 0.45082    2.010e-13
 0.45123    1.940e-13
 0.45164    1.873e-13
 0.45205    1.807e-13
 0.45246    1.744e-13
 0.45287    1.683e-13
 0.45328    1.625e-13
 0.45369    1.571e-13
 0.45410    1.517e-13
 0.45451    1.466e-13
 0.45492    1.416e-13
 0.45533    1.368e-13
 0.45574    1.321e-13
 0.45615    1.276e-13
 0.45656    1.232e-13
 0.45697    1.189e-13
 0.45738    1.149e-13
 0.45779    1.111e-13
 0.45820    1.073e-13
 0.45861    1.037e-13
 0.45902    1.001e-13
 0.45943    9.672e-14
 0.45984    9.340e-14
 0.46025    9.020e-14
 0.46066    8.708e-14
 0.46107    8.412e-14
 0.46148    8.130e-14
 0.46189    7.855e-14
 0.46230    7.589e-14
 0.46270    7.332e-14
 0.46311    7.081e-14
 0.46352    6.839e-14
 0.46393    6.605e-14
 0.46434    6.377e-14
 0.46475    6.157e-14
 0.46516    5.951e-14
 0.46557    5.751e-14
 0.46598    5.557e-14
 0.46639    5.369e-14
 0.46680    5.186e-14
 0.46721    5.009e-14
 0.46762    4.837e-14
 0.46803    4.671e-14
 0.46844    4.510e-14
 0.46885    4.356e-14
 0.46926    4.211e-14
 0.46967    4.069e-14
 0.47008    3.932e-14
 0.47049    3.798e-14
 0.47090    3.669e-14
 0.47131    3.544e-14
 0.47172    3.422e-14
 0.47213    3.305e-14
 0.47254    3.191e-14
 0.47295    3.081e-14
 0.47336    2.979e-14
 0.47377    2.880e-14
 0.47418    2.783e-14
 0.47459    2.689e-14
 0.47500    2.598e-14
 0.47541    2.509e-14
 0.47582    2.423e-14
 0.47623    2.340e-14
 0.47664    2.259e-14
 0.47705    2.179e-14
 0.47746    2.107e-14
 0.47787    2.039e-14
 0.47828    1.972e-14
 0.47869    1.907e-14
 0.47910    1.844e-14
 0.47951    1.782e-14
 0.47992    1.722e-14
 0.48033    1.664e-14
 0.48074    1.607e-14
 0.48115    1.553e-14
 0.48156    1.499e-14
 0.48197    1.448e-14
 0.48238    1.398e-14
 0.48279    1.349e-14
 0.48320    1.302e-14
 0.48361    1.257e-14
 0.48402    1.213e-14
 0.48443    1.170e-14
 0.48484    1.129e-14
 0.48525    1.092e-14
 0.48566    1.055e-14
 0.48607    1.020e-14
 0.48648    9.855e-15
 0.48689    9.520e-15
 0.48730    9.196e-15
 0.48770    8.882e-15
 0.48811    8.578e-15
 0.48852    8.284e-15
 0.48893    7.999e-15
 0.48934    7.723e-15
 0.48975    7.456e-15
 0.49016    7.203e-15
 0.49057    6.960e-15
 0.49098    6.725e-15
 0.49139    6.496e-15
 0.49180    6.275e-15
 0.49221    6.060e-15
 0.49262    5.853e-15
 0.49303    5.652e-15
 0.49344    5.462e-15
 0.49385    5.278e-15
 0.49426    5.098e-15
 0.49467    4.925e-15
 0.49508    4.757e-15
 0.49549    4.595e-15
 0.49590    4.437e-15
 0.49631    4.284e-15
 0.49672    4.140e-15
 0.49713    4.001e-15
 0.49754    3.866e-15
 0.49795    3.735e-15
 0.49836    3.608e-15
 0.49877    3.484e-15
 0.49918    3.364e-15
 0.49959    3.246e-15
