 0.00943   3.2722074e-02
 0.02746   1.5851300e-01
 0.04549   2.2871500e-01
 0.06352   1.8276600e-01
 0.08156   9.9036000e-02
 0.09959   4.0434900e-02
 0.11762   1.3290800e-02
 0.13566   1.4490600e-02
 0.15369   9.8172000e-02
 0.17172   9.0579000e-02
 0.18975   3.1393200e-02
 0.20779   7.7405200e-03
 0.22582   1.6984200e-03
 0.24385   3.5520500e-04
 0.26189   7.2467500e-05
 0.27992   1.4594300e-05
 0.29795   2.9215900e-06
 0.31598   5.8440700e-07
 0.33402   1.1764800e-07
 0.35205   2.3863300e-08
 0.37008   4.8515400e-09
 0.38811   9.9527200e-10
 0.40615   2.0584100e-10
 0.42418   4.2854800e-11
 0.44221   8.9859200e-12
 0.46025   1.8867400e-12
 0.47828   3.9807500e-13
 0.49631   1.3702000e-14
