 0.00943   4.3041848e-02
 0.02746   2.0850400e-01
 0.04549   3.0085500e-01
 0.06352   2.4043800e-01
 0.08156   1.3032600e-01
 0.09959   5.3264100e-02
 0.11762   1.7561800e-02
 0.13566   4.8704400e-03
 0.15369   1.0028950e-03
 0.17172   1.1244410e-04
 0.18975   1.2451850e-05
 0.20779   2.1004100e-06
 0.22582   3.8231600e-07
 0.24385   6.8345600e-08
 0.26189   1.1984900e-08
 0.27992   2.0782000e-09
 0.29795   3.5855300e-10
 0.31598   6.1851600e-11
 0.33402   1.0758050e-11
 0.35205   1.8882500e-12
 0.37008   3.3203800e-13
 0.38811   5.9000600e-14
 0.40615   1.0580790e-14
 0.42418   1.9111400e-15
 0.44221   3.4800500e-16
 0.46025   6.3570800e-17
 0.47828   7.3586040e-18
 0.49631   0.0000000e+00
