# 1) Radius of the zone in units of one solar radius
# 2) Fraction of oxygen 15 neutrinos produced in the zone
 0.00041    3.998e-06
 0.00082    1.162e-05
 0.00123    1.924e-05
 0.00164    2.972e-05
 0.00205    4.433e-05
 0.00246    6.183e-05
 0.00287    8.221e-05
 0.00328    1.055e-04
 0.00369    1.315e-04
 0.00410    1.604e-04
 0.00451    1.921e-04
 0.00492    2.265e-04
 0.00533    2.636e-04
 0.00574    3.034e-04
 0.00615    3.459e-04
 0.00656    3.910e-04
 0.00697    4.386e-04
 0.00738    4.887e-04
 0.00779    5.413e-04
 0.00820    5.964e-04
 0.00861    6.537e-04
 0.00902    7.134e-04
 0.00943    7.754e-04
 0.00984    8.395e-04
 0.01025    9.058e-04
 0.01066    9.742e-04
 0.01107    1.045e-03
 0.01148    1.117e-03
 0.01189    1.191e-03
 0.01230    1.267e-03
 0.01270    1.345e-03
 0.01311    1.424e-03
 0.01352    1.505e-03
 0.01393    1.587e-03
 0.01434    1.671e-03
 0.01475    1.757e-03
 0.01516    1.843e-03
 0.01557    1.931e-03
 0.01598    2.020e-03
 0.01639    2.110e-03
 0.01680    2.201e-03
 0.01721    2.293e-03
 0.01762    2.385e-03
 0.01803    2.478e-03
 0.01844    2.572e-03
 0.01885    2.667e-03
 0.01926    2.762e-03
 0.01967    2.857e-03
 0.02008    2.953e-03
 0.02049    3.049e-03
 0.02090    3.145e-03
 0.02131    3.241e-03
 0.02172    3.337e-03
 0.02213    3.433e-03
 0.02254    3.529e-03
 0.02295    3.625e-03
 0.02336    3.720e-03
 0.02377    3.815e-03
 0.02418    3.910e-03
 0.02459    4.004e-03
 0.02500    4.097e-03
 0.02541    4.190e-03
 0.02582    4.282e-03
 0.02623    4.373e-03
 0.02664    4.463e-03
 0.02705    4.552e-03
 0.02746    4.640e-03
 0.02787    4.727e-03
 0.02828    4.813e-03
 0.02869    4.898e-03
 0.02910    4.981e-03
 0.02951    5.063e-03
 0.02992    5.144e-03
 0.03033    5.223e-03
 0.03074    5.301e-03
 0.03115    5.378e-03
 0.03156    5.452e-03
 0.03197    5.525e-03
 0.03238    5.597e-03
 0.03279    5.666e-03
 0.03320    5.734e-03
 0.03361    5.800e-03
 0.03402    5.864e-03
 0.03443    5.927e-03
 0.03484    5.988e-03
 0.03525    6.046e-03
 0.03566    6.103e-03
 0.03607    6.158e-03
 0.03648    6.211e-03
 0.03689    6.261e-03
 0.03730    6.310e-03
 0.03770    6.356e-03
 0.03811    6.400e-03
 0.03852    6.443e-03
 0.03893    6.483e-03
 0.03934    6.522e-03
 0.03975    6.558e-03
 0.04016    6.592e-03
 0.04057    6.624e-03
 0.04098    6.654e-03
 0.04139    6.682e-03
 0.04180    6.707e-03
 0.04221    6.730e-03
 0.04262    6.752e-03
 0.04303    6.771e-03
 0.04344    6.788e-03
 0.04385    6.803e-03
 0.04426    6.816e-03
 0.04467    6.827e-03
 0.04508    6.836e-03
 0.04549    6.842e-03
 0.04590    6.847e-03
 0.04631    6.850e-03
 0.04672    6.851e-03
 0.04713    6.850e-03
 0.04754    6.846e-03
 0.04795    6.841e-03
 0.04836    6.834e-03
 0.04877    6.825e-03
 0.04918    6.815e-03
 0.04959    6.803e-03
 0.05000    6.788e-03
 0.05041    6.772e-03
 0.05082    6.755e-03
 0.05123    6.736e-03
 0.05164    6.715e-03
 0.05205    6.692e-03
 0.05246    6.668e-03
 0.05287    6.642e-03
 0.05328    6.614e-03
 0.05369    6.586e-03
 0.05410    6.556e-03
 0.05451    6.524e-03
 0.05492    6.492e-03
 0.05533    6.457e-03
 0.05574    6.421e-03
 0.05615    6.384e-03
 0.05656    6.346e-03
 0.05697    6.307e-03
 0.05738    6.267e-03
 0.05779    6.225e-03
 0.05820    6.182e-03
 0.05861    6.138e-03
 0.05902    6.094e-03
 0.05943    6.048e-03
 0.05984    6.001e-03
 0.06025    5.954e-03
 0.06066    5.906e-03
 0.06107    5.856e-03
 0.06148    5.806e-03
 0.06189    5.756e-03
 0.06230    5.704e-03
 0.06270    5.652e-03
 0.06311    5.599e-03
 0.06352    5.546e-03
 0.06393    5.492e-03
 0.06434    5.438e-03
 0.06475    5.383e-03
 0.06516    5.327e-03
 0.06557    5.272e-03
 0.06598    5.215e-03
 0.06639    5.159e-03
 0.06680    5.102e-03
 0.06721    5.045e-03
 0.06762    4.987e-03
 0.06803    4.930e-03
 0.06844    4.872e-03
 0.06885    4.814e-03
 0.06926    4.756e-03
 0.06967    4.697e-03
 0.07008    4.639e-03
 0.07049    4.580e-03
 0.07090    4.522e-03
 0.07131    4.463e-03
 0.07172    4.405e-03
 0.07213    4.346e-03
 0.07254    4.288e-03
 0.07295    4.230e-03
 0.07336    4.171e-03
 0.07377    4.113e-03
 0.07418    4.055e-03
 0.07459    3.998e-03
 0.07500    3.940e-03
 0.07541    3.883e-03
 0.07582    3.826e-03
 0.07623    3.769e-03
 0.07664    3.712e-03
 0.07705    3.656e-03
 0.07746    3.600e-03
 0.07787    3.545e-03
 0.07828    3.489e-03
 0.07869    3.434e-03
 0.07910    3.380e-03
 0.07951    3.325e-03
 0.07992    3.272e-03
 0.08033    3.218e-03
 0.08074    3.165e-03
 0.08115    3.113e-03
 0.08156    3.060e-03
 0.08197    3.009e-03
 0.08238    2.958e-03
 0.08279    2.907e-03
 0.08320    2.856e-03
 0.08361    2.807e-03
 0.08402    2.757e-03
 0.08443    2.709e-03
 0.08484    2.660e-03
 0.08525    2.612e-03
 0.08566    2.565e-03
 0.08607    2.518e-03
 0.08648    2.472e-03
 0.08689    2.426e-03
 0.08730    2.381e-03
 0.08770    2.337e-03
 0.08811    2.292e-03
 0.08852    2.249e-03
 0.08893    2.206e-03
 0.08934    2.163e-03
 0.08975    2.122e-03
 0.09016    2.080e-03
 0.09057    2.039e-03
 0.09098    1.999e-03
 0.09139    1.960e-03
 0.09180    1.920e-03
 0.09221    1.882e-03
 0.09262    1.844e-03
 0.09303    1.806e-03
 0.09344    1.769e-03
 0.09385    1.733e-03
 0.09426    1.697e-03
 0.09467    1.662e-03
 0.09508    1.627e-03
 0.09549    1.593e-03
 0.09590    1.559e-03
 0.09631    1.526e-03
 0.09672    1.494e-03
 0.09713    1.462e-03
 0.09754    1.430e-03
 0.09795    1.399e-03
 0.09836    1.369e-03
 0.09877    1.339e-03
 0.09918    1.309e-03
 0.09959    1.280e-03
 0.10000    1.252e-03
 0.10041    1.224e-03
 0.10082    1.197e-03
 0.10123    1.170e-03
 0.10164    1.143e-03
 0.10205    1.117e-03
 0.10246    1.092e-03
 0.10287    1.067e-03
 0.10328    1.042e-03
 0.10369    1.018e-03
 0.10410    9.946e-04
 0.10451    9.714e-04
 0.10492    9.486e-04
 0.10533    9.263e-04
 0.10574    9.045e-04
 0.10615    8.830e-04
 0.10656    8.620e-04
 0.10697    8.414e-04
 0.10738    8.212e-04
 0.10779    8.015e-04
 0.10820    7.821e-04
 0.10861    7.631e-04
 0.10902    7.445e-04
 0.10943    7.263e-04
 0.10984    7.085e-04
 0.11025    6.911e-04
 0.11066    6.740e-04
 0.11107    6.572e-04
 0.11148    6.409e-04
 0.11189    6.249e-04
 0.11230    6.092e-04
 0.11270    5.939e-04
 0.11311    5.789e-04
 0.11352    5.642e-04
 0.11393    5.499e-04
 0.11434    5.358e-04
 0.11475    5.221e-04
 0.11516    5.087e-04
 0.11557    4.956e-04
 0.11598    4.828e-04
 0.11639    4.703e-04
 0.11680    4.580e-04
 0.11721    4.461e-04
 0.11762    4.344e-04
 0.11803    4.230e-04
 0.11844    4.118e-04
 0.11885    4.010e-04
 0.11926    3.903e-04
 0.11967    3.800e-04
 0.12008    3.698e-04
 0.12049    3.599e-04
 0.12090    3.503e-04
 0.12131    3.409e-04
 0.12172    3.317e-04
 0.12213    3.227e-04
 0.12254    3.139e-04
 0.12295    3.054e-04
 0.12336    2.971e-04
 0.12377    2.889e-04
 0.12418    2.810e-04
 0.12459    2.733e-04
 0.12500    2.657e-04
 0.12541    2.584e-04
 0.12582    2.512e-04
 0.12623    2.442e-04
 0.12664    2.374e-04
 0.12705    2.308e-04
 0.12746    2.243e-04
 0.12787    2.180e-04
 0.12828    2.119e-04
 0.12869    2.059e-04
 0.12910    2.001e-04
 0.12951    1.944e-04
 0.12992    1.888e-04
 0.13033    1.835e-04
 0.13074    1.782e-04
 0.13115    1.731e-04
 0.13156    1.681e-04
 0.13197    1.633e-04
 0.13238    1.586e-04
 0.13279    1.540e-04
 0.13320    1.495e-04
 0.13361    1.451e-04
 0.13402    1.409e-04
 0.13443    1.368e-04
 0.13484    1.328e-04
 0.13525    1.288e-04
 0.13566    1.250e-04
 0.13607    1.213e-04
 0.13648    1.177e-04
 0.13689    1.142e-04
 0.13730    1.108e-04
 0.13770    1.075e-04
 0.13811    1.042e-04
 0.13852    1.011e-04
 0.13893    9.802e-05
 0.13934    9.503e-05
 0.13975    9.212e-05
 0.14016    8.930e-05
 0.14057    8.654e-05
 0.14098    8.385e-05
 0.14139    8.124e-05
 0.14180    7.869e-05
 0.14221    7.621e-05
 0.14262    7.379e-05
 0.14303    7.143e-05
 0.14344    6.914e-05
 0.14385    6.690e-05
 0.14426    6.472e-05
 0.14467    6.260e-05
 0.14508    6.053e-05
 0.14549    5.852e-05
 0.14590    5.655e-05
 0.14631    5.464e-05
 0.14672    5.277e-05
 0.14713    5.096e-05
 0.14754    4.919e-05
 0.14795    4.747e-05
 0.14836    4.579e-05
 0.14877    4.416e-05
 0.14918    4.257e-05
 0.14959    4.102e-05
 0.15000    3.951e-05
 0.15041    3.805e-05
 0.15082    3.663e-05
 0.15123    3.524e-05
 0.15164    3.390e-05
 0.15205    3.259e-05
 0.15246    3.133e-05
 0.15287    3.009e-05
 0.15328    2.890e-05
 0.15369    2.774e-05
 0.15410    2.662e-05
 0.15451    2.553e-05
 0.15492    2.448e-05
 0.15533    2.346e-05
 0.15574    2.247e-05
 0.15615    2.152e-05
 0.15656    2.059e-05
 0.15697    1.970e-05
 0.15738    1.884e-05
 0.15779    1.801e-05
 0.15820    1.721e-05
 0.15861    1.644e-05
 0.15902    1.569e-05
 0.15943    1.498e-05
 0.15984    1.429e-05
 0.16025    1.363e-05
 0.16066    1.299e-05
 0.16107    1.238e-05
 0.16148    1.179e-05
 0.16189    1.123e-05
 0.16230    1.069e-05
 0.16270    1.017e-05
 0.16311    9.673e-06
 0.16352    9.198e-06
 0.16393    8.745e-06
 0.16434    8.310e-06
 0.16475    7.894e-06
 0.16516    7.498e-06
 0.16557    7.119e-06
 0.16598    6.758e-06
 0.16639    6.414e-06
 0.16680    6.085e-06
 0.16721    5.772e-06
 0.16762    5.475e-06
 0.16803    5.191e-06
 0.16844    4.922e-06
 0.16885    4.666e-06
 0.16926    4.422e-06
 0.16967    4.191e-06
 0.17008    3.972e-06
 0.17049    3.763e-06
 0.17090    3.566e-06
 0.17131    3.378e-06
 0.17172    3.200e-06
 0.17213    3.032e-06
 0.17254    2.873e-06
 0.17295    2.722e-06
 0.17336    2.579e-06
 0.17377    2.444e-06
 0.17418    2.316e-06
 0.17459    2.194e-06
 0.17500    2.080e-06
 0.17541    1.972e-06
 0.17582    1.870e-06
 0.17623    1.773e-06
 0.17664    1.681e-06
 0.17705    1.595e-06
 0.17746    1.514e-06
 0.17787    1.436e-06
 0.17828    1.364e-06
 0.17869    1.295e-06
 0.17910    1.230e-06
 0.17951    1.168e-06
 0.17992    1.110e-06
 0.18033    1.056e-06
 0.18074    1.004e-06
 0.18115    9.547e-07
 0.18156    9.084e-07
 0.18197    8.647e-07
 0.18238    8.232e-07
 0.18279    7.839e-07
 0.18320    7.469e-07
 0.18361    7.117e-07
 0.18402    6.785e-07
 0.18443    6.471e-07
 0.18484    6.174e-07
 0.18525    5.892e-07
 0.18566    5.624e-07
 0.18607    5.371e-07
 0.18648    5.130e-07
 0.18689    4.903e-07
 0.18730    4.687e-07
 0.18770    4.480e-07
 0.18811    4.286e-07
 0.18852    4.100e-07
 0.18893    3.923e-07
 0.18934    3.756e-07
 0.18975    3.597e-07
 0.19016    3.444e-07
 0.19057    3.300e-07
 0.19098    3.163e-07
 0.19139    3.031e-07
 0.19180    2.906e-07
 0.19221    2.787e-07
 0.19262    2.673e-07
 0.19303    2.564e-07
 0.19344    2.461e-07
 0.19385    2.362e-07
 0.19426    2.267e-07
 0.19467    2.177e-07
 0.19508    2.091e-07
 0.19549    2.008e-07
 0.19590    1.929e-07
 0.19631    1.853e-07
 0.19672    1.781e-07
 0.19713    1.711e-07
 0.19754    1.645e-07
 0.19795    1.581e-07
 0.19836    1.520e-07
 0.19877    1.462e-07
 0.19918    1.406e-07
 0.19959    1.352e-07
 0.20000    1.300e-07
 0.20041    1.251e-07
 0.20082    1.203e-07
 0.20123    1.158e-07
 0.20164    1.114e-07
 0.20205    1.072e-07
 0.20246    1.031e-07
 0.20287    9.925e-08
 0.20328    9.552e-08
 0.20369    9.193e-08
 0.20410    8.848e-08
 0.20451    8.516e-08
 0.20492    8.198e-08
 0.20533    7.892e-08
 0.20574    7.598e-08
 0.20615    7.314e-08
 0.20656    7.041e-08
 0.20697    6.779e-08
 0.20738    6.527e-08
 0.20779    6.284e-08
 0.20820    6.051e-08
 0.20861    5.826e-08
 0.20902    5.609e-08
 0.20943    5.401e-08
 0.20984    5.201e-08
 0.21025    5.008e-08
 0.21066    4.822e-08
 0.21107    4.644e-08
 0.21148    4.472e-08
 0.21189    4.306e-08
 0.21230    4.146e-08
 0.21270    3.993e-08
 0.21311    3.845e-08
 0.21352    3.703e-08
 0.21393    3.566e-08
 0.21434    3.434e-08
 0.21475    3.306e-08
 0.21516    3.184e-08
 0.21557    3.066e-08
 0.21598    2.953e-08
 0.21639    2.843e-08
 0.21680    2.738e-08
 0.21721    2.637e-08
 0.21762    2.539e-08
 0.21803    2.444e-08
 0.21844    2.354e-08
 0.21885    2.267e-08
 0.21926    2.183e-08
 0.21967    2.102e-08
 0.22008    2.024e-08
 0.22049    1.949e-08
 0.22090    1.876e-08
 0.22131    1.807e-08
 0.22172    1.740e-08
 0.22213    1.675e-08
 0.22254    1.613e-08
 0.22295    1.553e-08
 0.22336    1.496e-08
 0.22377    1.440e-08
 0.22418    1.386e-08
 0.22459    1.334e-08
 0.22500    1.285e-08
 0.22541    1.237e-08
 0.22582    1.191e-08
 0.22623    1.147e-08
 0.22664    1.104e-08
 0.22705    1.063e-08
 0.22746    1.023e-08
 0.22787    9.850e-09
 0.22828    9.482e-09
 0.22869    9.129e-09
 0.22910    8.788e-09
 0.22951    8.460e-09
 0.22992    8.144e-09
 0.23033    7.839e-09
 0.23074    7.547e-09
 0.23115    7.265e-09
 0.23156    6.993e-09
 0.23197    6.731e-09
 0.23238    6.480e-09
 0.23279    6.238e-09
 0.23320    6.004e-09
 0.23361    5.778e-09
 0.23402    5.562e-09
 0.23443    5.354e-09
 0.23484    5.153e-09
 0.23525    4.960e-09
 0.23566    4.774e-09
 0.23607    4.595e-09
 0.23648    4.423e-09
 0.23689    4.256e-09
 0.23730    4.097e-09
 0.23770    3.943e-09
 0.23811    3.795e-09
 0.23852    3.652e-09
 0.23893    3.515e-09
 0.23934    3.383e-09
 0.23975    3.256e-09
 0.24016    3.133e-09
 0.24057    3.015e-09
 0.24098    2.902e-09
 0.24139    2.793e-09
 0.24180    2.687e-09
 0.24221    2.586e-09
 0.24262    2.490e-09
 0.24303    2.397e-09
 0.24344    2.307e-09
 0.24385    2.220e-09
 0.24426    2.136e-09
 0.24467    2.055e-09
 0.24508    1.977e-09
 0.24549    1.901e-09
 0.24590    1.830e-09
 0.24631    1.761e-09
 0.24672    1.694e-09
 0.24713    1.630e-09
 0.24754    1.569e-09
 0.24795    1.510e-09
 0.24836    1.454e-09
 0.24877    1.399e-09
 0.24918    1.346e-09
 0.24959    1.295e-09
 0.25000    1.246e-09
 0.25041    1.198e-09
 0.25082    1.152e-09
 0.25123    1.109e-09
 0.25164    1.067e-09
 0.25205    1.027e-09
 0.25246    9.882e-10
 0.25287    9.506e-10
 0.25328    9.143e-10
 0.25369    8.795e-10
 0.25410    8.458e-10
 0.25451    8.136e-10
 0.25492    7.829e-10
 0.25533    7.532e-10
 0.25574    7.246e-10
 0.25615    6.969e-10
 0.25656    6.707e-10
 0.25697    6.456e-10
 0.25738    6.212e-10
 0.25779    5.976e-10
 0.25820    5.749e-10
 0.25861    5.529e-10
 0.25902    5.318e-10
 0.25943    5.114e-10
 0.25984    4.917e-10
 0.26025    4.731e-10
 0.26066    4.552e-10
 0.26107    4.379e-10
 0.26148    4.211e-10
 0.26189    4.050e-10
 0.26230    3.899e-10
 0.26270    3.752e-10
 0.26311    3.610e-10
 0.26352    3.472e-10
 0.26393    3.340e-10
 0.26434    3.212e-10
 0.26475    3.088e-10
 0.26516    2.970e-10
 0.26557    2.856e-10
 0.26598    2.747e-10
 0.26639    2.643e-10
 0.26680    2.542e-10
 0.26721    2.445e-10
 0.26762    2.351e-10
 0.26803    2.264e-10
 0.26844    2.179e-10
 0.26885    2.096e-10
 0.26926    2.017e-10
 0.26967    1.939e-10
 0.27008    1.865e-10
 0.27049    1.793e-10
 0.27090    1.723e-10
 0.27131    1.657e-10
 0.27172    1.594e-10
 0.27213    1.534e-10
 0.27254    1.476e-10
 0.27295    1.420e-10
 0.27336    1.366e-10
 0.27377    1.314e-10
 0.27418    1.263e-10
 0.27459    1.214e-10
 0.27500    1.167e-10
 0.27541    1.122e-10
 0.27582    1.079e-10
 0.27623    1.039e-10
 0.27664    1.000e-10
 0.27705    9.621e-11
 0.27746    9.254e-11
 0.27787    8.898e-11
 0.27828    8.556e-11
 0.27869    8.225e-11
 0.27910    7.905e-11
 0.27951    7.597e-11
 0.27992    7.306e-11
 0.28033    7.034e-11
 0.28074    6.770e-11
 0.28115    6.514e-11
 0.28156    6.266e-11
 0.28197    6.026e-11
 0.28238    5.793e-11
 0.28279    5.569e-11
 0.28320    5.353e-11
 0.28361    5.144e-11
 0.28402    4.943e-11
 0.28443    4.759e-11
 0.28484    4.581e-11
 0.28525    4.408e-11
 0.28566    4.241e-11
 0.28607    4.079e-11
 0.28648    3.922e-11
 0.28689    3.771e-11
 0.28730    3.624e-11
 0.28770    3.483e-11
 0.28811    3.347e-11
 0.28852    3.217e-11
 0.28893    3.098e-11
 0.28934    2.982e-11
 0.28975    2.869e-11
 0.29016    2.760e-11
 0.29057    2.655e-11
 0.29098    2.553e-11
 0.29139    2.454e-11
 0.29180    2.359e-11
 0.29221    2.267e-11
 0.29262    2.178e-11
 0.29303    2.093e-11
 0.29344    2.015e-11
 0.29385    1.940e-11
 0.29426    1.867e-11
 0.29467    1.796e-11
 0.29508    1.728e-11
 0.29549    1.662e-11
 0.29590    1.598e-11
 0.29631    1.536e-11
 0.29672    1.476e-11
 0.29713    1.418e-11
 0.29754    1.362e-11
 0.29795    1.310e-11
 0.29836    1.262e-11
 0.29877    1.215e-11
 0.29918    1.169e-11
 0.29959    1.125e-11
 0.30000    1.081e-11
 0.30041    1.040e-11
 0.30082    9.998e-12
 0.30123    9.610e-12
 0.30164    9.235e-12
 0.30205    8.873e-12
 0.30246    8.524e-12
 0.30287    8.201e-12
 0.30328    7.897e-12
 0.30369    7.602e-12
 0.30410    7.315e-12
 0.30451    7.038e-12
 0.30492    6.769e-12
 0.30533    6.509e-12
 0.30574    6.258e-12
 0.30615    6.015e-12
 0.30656    5.780e-12
 0.30697    5.554e-12
 0.30738    5.336e-12
 0.30779    5.130e-12
 0.30820    4.940e-12
 0.30861    4.755e-12
 0.30902    4.576e-12
 0.30943    4.402e-12
 0.30984    4.234e-12
 0.31025    4.072e-12
 0.31066    3.915e-12
 0.31107    3.763e-12
 0.31148    3.617e-12
 0.31189    3.476e-12
 0.31230    3.340e-12
 0.31270    3.212e-12
 0.31311    3.092e-12
 0.31352    2.975e-12
 0.31393    2.863e-12
 0.31434    2.754e-12
 0.31475    2.649e-12
 0.31516    2.547e-12
 0.31557    2.448e-12
 0.31598    2.353e-12
 0.31639    2.262e-12
 0.31680    2.174e-12
 0.31721    2.091e-12
 0.31762    2.013e-12
 0.31803    1.936e-12
 0.31844    1.863e-12
 0.31885    1.792e-12
 0.31926    1.723e-12
 0.31967    1.657e-12
 0.32008    1.592e-12
 0.32049    1.531e-12
 0.32090    1.472e-12
 0.32131    1.416e-12
 0.32172    1.363e-12
 0.32213    1.311e-12
 0.32254    1.261e-12
 0.32295    1.212e-12
 0.32336    1.166e-12
 0.32377    1.121e-12
 0.32418    1.078e-12
 0.32459    1.037e-12
 0.32500    9.976e-13
 0.32541    9.596e-13
 0.32582    9.229e-13
 0.32623    8.875e-13
 0.32664    8.533e-13
 0.32705    8.206e-13
 0.32746    7.898e-13
 0.32787    7.599e-13
 0.32828    7.310e-13
 0.32869    7.031e-13
 0.32910    6.761e-13
 0.32951    6.501e-13
 0.32992    6.249e-13
 0.33033    6.015e-13
 0.33074    5.791e-13
 0.33115    5.573e-13
 0.33156    5.363e-13
 0.33197    5.160e-13
 0.33238    4.963e-13
 0.33279    4.773e-13
 0.33320    4.590e-13
 0.33361    4.412e-13
 0.33402    4.242e-13
 0.33443    4.077e-13
 0.33484    3.919e-13
 0.33525    3.773e-13
 0.33566    3.631e-13
 0.33607    3.494e-13
 0.33648    3.361e-13
 0.33689    3.233e-13
 0.33730    3.109e-13
 0.33770    2.989e-13
 0.33811    2.872e-13
 0.33852    2.766e-13
 0.33893    2.664e-13
 0.33934    2.566e-13
 0.33975    2.471e-13
 0.34016    2.378e-13
 0.34057    2.288e-13
 0.34098    2.202e-13
 0.34139    2.117e-13
 0.34180    2.036e-13
 0.34221    1.957e-13
 0.34262    1.881e-13
 0.34303    1.808e-13
 0.34344    1.737e-13
 0.34385    1.668e-13
 0.34426    1.608e-13
 0.34467    1.549e-13
 0.34508    1.493e-13
 0.34549    1.437e-13
 0.34590    1.384e-13
 0.34631    1.332e-13
 0.34672    1.281e-13
 0.34713    1.233e-13
 0.34754    1.185e-13
 0.34795    1.139e-13
 0.34836    1.095e-13
 0.34877    1.053e-13
 0.34918    1.011e-13
 0.34959    9.715e-14
 0.35000    9.328e-14
 0.35041    8.992e-14
 0.35082    8.667e-14
 0.35123    8.350e-14
 0.35164    8.043e-14
 0.35205    7.745e-14
 0.35246    7.455e-14
 0.35287    7.174e-14
 0.35328    6.902e-14
 0.35369    6.638e-14
 0.35410    6.383e-14
 0.35451    6.136e-14
 0.35492    5.897e-14
 0.35533    5.666e-14
 0.35574    5.443e-14
 0.35615    5.228e-14
 0.35656    5.027e-14
 0.35697    4.847e-14
 0.35738    4.672e-14
 0.35779    4.502e-14
 0.35820    4.336e-14
 0.35861    4.176e-14
 0.35902    4.020e-14
 0.35943    3.869e-14
 0.35984    3.722e-14
 0.36025    3.580e-14
 0.36066    3.443e-14
 0.36107    3.309e-14
 0.36148    3.181e-14
 0.36189    3.056e-14
 0.36230    2.936e-14
 0.36270    2.820e-14
 0.36311    2.708e-14
 0.36352    2.610e-14
 0.36393    2.516e-14
 0.36434    2.424e-14
 0.36475    2.334e-14
 0.36516    2.248e-14
 0.36557    2.164e-14
 0.36598    2.083e-14
 0.36639    2.004e-14
 0.36680    1.928e-14
 0.36721    1.854e-14
 0.36762    1.783e-14
 0.36803    1.714e-14
 0.36844    1.648e-14
 0.36885    1.584e-14
 0.36926    1.523e-14
 0.36967    1.464e-14
 0.37008    1.406e-14
 0.37049    1.354e-14
 0.37090    1.304e-14
 0.37131    1.255e-14
 0.37172    1.208e-14
 0.37213    1.162e-14
 0.37254    1.118e-14
 0.37295    1.075e-14
 0.37336    1.034e-14
 0.37377    9.948e-15
 0.37418    9.582e-15
 0.37459    9.226e-15
 0.37500    8.881e-15
 0.37541    8.548e-15
 0.37582    8.224e-15
 0.37623    7.911e-15
 0.37664    7.609e-15
 0.37705    7.316e-15
 0.37746    7.038e-15
 0.37787    6.786e-15
 0.37828    6.540e-15
 0.37869    6.303e-15
 0.37910    6.071e-15
 0.37951    5.847e-15
 0.37992    5.629e-15
 0.38033    5.418e-15
 0.38074    5.214e-15
 0.38115    5.016e-15
 0.38156    4.824e-15
 0.38197    4.639e-15
 0.38238    4.460e-15
 0.38279    4.287e-15
 0.38320    4.121e-15
 0.38361    3.960e-15
 0.38402    3.805e-15
 0.38443    3.667e-15
 0.38484    3.533e-15
 0.38525    3.403e-15
 0.38566    3.277e-15
 0.38607    3.155e-15
 0.38648    3.037e-15
 0.38689    2.922e-15
 0.38730    2.811e-15
 0.38770    2.704e-15
 0.38811    2.601e-15
 0.38852    2.501e-15
 0.38893    2.405e-15
 0.38934    2.312e-15
 0.38975    2.226e-15
 0.39016    2.144e-15
 0.39057    2.064e-15
 0.39098    1.987e-15
 0.39139    1.913e-15
 0.39180    1.841e-15
 0.39221    1.771e-15
 0.39262    1.704e-15
 0.39303    1.639e-15
 0.39344    1.577e-15
 0.39385    1.517e-15
 0.39426    1.461e-15
 0.39467    1.406e-15
 0.39508    1.354e-15
 0.39549    1.303e-15
 0.39590    1.254e-15
 0.39631    1.207e-15
 0.39672    1.161e-15
 0.39713    1.117e-15
 0.39754    1.076e-15
 0.39795    1.036e-15
 0.39836    9.967e-16
 0.39877    9.594e-16
 0.39918    9.233e-16
 0.39959    8.885e-16
 0.40000    8.549e-16
 0.40041    8.225e-16
 0.40082    7.920e-16
 0.40123    7.625e-16
 0.40164    7.339e-16
 0.40205    7.064e-16
 0.40246    6.797e-16
 0.40287    6.540e-16
 0.40328    6.300e-16
 0.40369    6.067e-16
 0.40410    5.841e-16
 0.40451    5.622e-16
 0.40492    5.411e-16
 0.40533    5.207e-16
 0.40574    5.010e-16
 0.40615    4.820e-16
 0.40656    4.641e-16
 0.40697    4.471e-16
 0.40738    4.305e-16
 0.40779    4.146e-16
 0.40820    3.991e-16
 0.40861    3.841e-16
 0.40902    3.697e-16
 0.40943    3.557e-16
 0.40984    3.422e-16
 0.41025    3.292e-16
 0.41066    3.169e-16
 0.41107    3.053e-16
 0.41148    2.940e-16
 0.41189    2.831e-16
 0.41230    2.726e-16
 0.41270    2.624e-16
 0.41311    2.525e-16
 0.41352    2.430e-16
 0.41393    2.338e-16
 0.41434    2.250e-16
 0.41475    2.164e-16
 0.41516    2.085e-16
 0.41557    2.008e-16
 0.41598    1.934e-16
 0.41639    1.862e-16
 0.41680    1.793e-16
 0.41721    1.725e-16
 0.41762    1.661e-16
 0.41803    1.598e-16
 0.41844    1.537e-16
 0.41885    1.479e-16
 0.41926    1.424e-16
 0.41967    1.371e-16
 0.42008    1.321e-16
 0.42049    1.271e-16
 0.42090    1.224e-16
 0.42131    1.178e-16
 0.42172    1.134e-16
 0.42213    1.091e-16
 0.42254    1.051e-16
 0.42295    1.012e-16
 0.42336    9.745e-17
 0.42377    9.382e-17
 0.42418    9.032e-17
 0.42459    8.693e-17
 0.42500    8.365e-17
 0.42541    8.048e-17
 0.42582    7.753e-17
 0.42623    7.470e-17
 0.42664    7.196e-17
 0.42705    6.930e-17
 0.42746    6.672e-17
 0.42787    6.424e-17
 0.42828    6.183e-17
 0.42869    5.951e-17
 0.42910    5.726e-17
 0.42951    5.509e-17
 0.42992    5.300e-17
 0.43033    5.105e-17
 0.43074    4.918e-17
 0.43115    4.737e-17
 0.43156    4.561e-17
 0.43197    4.392e-17
 0.43238    4.228e-17
 0.43279    4.069e-17
 0.43320    3.916e-17
 0.43361    3.768e-17
 0.43402    3.626e-17
 0.43443    3.494e-17
 0.43484    3.366e-17
 0.43525    3.242e-17
 0.43566    3.122e-17
 0.43607    3.005e-17
 0.43648    2.893e-17
 0.43689    2.784e-17
 0.43730    2.680e-17
 0.43770    2.578e-17
 0.43811    2.482e-17
 0.43852    2.391e-17
 0.43893    2.304e-17
 0.43934    2.219e-17
 0.43975    2.136e-17
 0.44016    2.056e-17
 0.44057    1.979e-17
 0.44098    1.905e-17
 0.44139    1.833e-17
 0.44180    1.765e-17
 0.44221    1.701e-17
 0.44262    1.639e-17
 0.44303    1.579e-17
 0.44344    1.520e-17
 0.44385    1.464e-17
 0.44426    1.409e-17
 0.44467    1.356e-17
 0.44508    1.305e-17
 0.44549    1.254e-17
 0.44590    1.210e-17
 0.44631    1.167e-17
 0.44672    1.125e-17
 0.44713    1.085e-17
 0.44754    1.046e-17
 0.44795    1.008e-17
 0.44836    9.706e-18
 0.44877    9.347e-18
 0.44918    9.000e-18
 0.44959    8.663e-18
 0.45000    8.339e-18
 0.45041    8.024e-18
 0.45082    7.720e-18
 0.45123    7.427e-18
 0.45164    7.143e-18
 0.45205    6.871e-18
 0.45246    6.608e-18
 0.45287    6.355e-18
 0.45328    6.116e-18
 0.45369    5.893e-18
 0.45410    5.676e-18
 0.45451    5.467e-18
 0.45492    5.265e-18
 0.45533    5.069e-18
 0.45574    4.880e-18
 0.45615    4.697e-18
 0.45656    4.521e-18
 0.45697    4.350e-18
 0.45738    4.192e-18
 0.45779    4.039e-18
 0.45820    3.890e-18
 0.45861    3.746e-18
 0.45902    3.608e-18
 0.45943    3.473e-18
 0.45984    3.343e-18
 0.46025    3.218e-18
 0.46066    3.097e-18
 0.46107    2.982e-18
 0.46148    2.874e-18
 0.46189    2.768e-18
 0.46230    2.666e-18
 0.46270    2.568e-18
 0.46311    2.472e-18
 0.46352    2.380e-18
 0.46393    2.291e-18
 0.46434    2.205e-18
 0.46475    2.122e-18
 0.46516    2.045e-18
 0.46557    1.970e-18
 0.46598    1.898e-18
 0.46639    1.828e-18
 0.46680    1.760e-18
 0.46721    1.694e-18
 0.46762    1.631e-18
 0.46803    1.570e-18
 0.46844    1.511e-18
 0.46885    1.455e-18
 0.46926    1.402e-18
 0.46967    1.351e-18
 0.47008    1.301e-18
 0.47049    1.253e-18
 0.47090    1.207e-18
 0.47131    1.162e-18
 0.47172    1.118e-18
 0.47213    1.076e-18
 0.47254    1.036e-18
 0.47295    9.972e-19
 0.47336    9.614e-19
 0.47377    9.265e-19
 0.47418    8.927e-19
 0.47459    8.600e-19
 0.47500    8.282e-19
 0.47541    7.974e-19
 0.47582    7.675e-19
 0.47623    7.386e-19
 0.47664    7.107e-19
 0.47705    6.832e-19
 0.47746    6.684e-19
 0.47787    6.548e-19
 0.47828    6.406e-19
 0.47869    6.256e-19
 0.47910    6.101e-19
 0.47951    5.939e-19
 0.47992    5.771e-19
 0.48033    5.596e-19
 0.48074    5.415e-19
 0.48115    5.229e-19
 0.48156    5.036e-19
 0.48197    4.838e-19
 0.48238    4.634e-19
 0.48279    4.424e-19
 0.48320    4.209e-19
 0.48361    3.989e-19
 0.48402    3.763e-19
 0.48443    3.532e-19
 0.48484    3.220e-19
 0.48525    2.796e-19
 0.48566    2.403e-19
 0.48607    2.040e-19
 0.48648    1.705e-19
 0.48689    1.400e-19
 0.48730    1.123e-19
 0.48770    8.739e-20
 0.48811    6.526e-20
 0.48852    4.586e-20
 0.48893    2.914e-20
 0.48934    1.506e-20
 0.48975    3.594e-21
 0.49016    0.000e+00
 0.49057    0.000e+00
 0.49098    0.000e+00
 0.49139    0.000e+00
 0.49180    0.000e+00
 0.49221    0.000e+00
 0.49262    0.000e+00
 0.49303    0.000e+00
 0.49344    0.000e+00
 0.49385    0.000e+00
 0.49426    0.000e+00
 0.49467    0.000e+00
 0.49508    0.000e+00
 0.49549    0.000e+00
 0.49590    0.000e+00
 0.49631    0.000e+00
 0.49672    0.000e+00
 0.49713    0.000e+00
 0.49754    0.000e+00
 0.49795    0.000e+00
 0.49836    0.000e+00
 0.49877    0.000e+00
 0.49918    0.000e+00
 0.49959    0.000e+00
