 0.00943   4.7052414e-02
 0.02746   2.2499800e-01
 0.04549   3.1397200e-01
 0.06352   2.3633200e-01
 0.08156   1.1769000e-01
 0.09959   4.3340700e-02
 0.11762   1.2693700e-02
 0.13566   3.1101700e-03
 0.15369   6.6170600e-04
 0.17172   1.2648700e-04
 0.18975   2.2344900e-05
 0.20779   3.7171000e-06
 0.22582   5.9178300e-07
 0.24385   9.1389600e-08
 0.26189   1.3828300e-08
 0.27992   2.0702500e-09
 0.29795   3.0862400e-10
 0.31598   4.6042300e-11
 0.33402   6.9400900e-12
 0.35205   1.0577130e-12
 0.37008   1.6139100e-13
 0.38811   2.4931700e-14
 0.40615   3.8912300e-15
 0.42418   3.9322790e-16
 0.44221   0.0000000e+00
 0.46025   0.0000000e+00
 0.47828   0.0000000e+00
 0.49631   0.0000000e+00
