# 1) Radius of the zone in units of one solar radius
# 2) Fraction of beryllium 7 neutrinos produced in the zone
 0.00041    1.890e-06
 0.00082    5.495e-06
 0.00123    9.108e-06
 0.00164    1.408e-05
 0.00205    2.099e-05
 0.00246    2.928e-05
 0.00287    3.894e-05
 0.00328    4.996e-05
 0.00369    6.234e-05
 0.00410    7.608e-05
 0.00451    9.116e-05
 0.00492    1.076e-04
 0.00533    1.253e-04
 0.00574    1.444e-04
 0.00615    1.648e-04
 0.00656    1.864e-04
 0.00697    2.094e-04
 0.00738    2.336e-04
 0.00779    2.591e-04
 0.00820    2.858e-04
 0.00861    3.138e-04
 0.00902    3.430e-04
 0.00943    3.734e-04
 0.00984    4.049e-04
 0.01025    4.377e-04
 0.01066    4.715e-04
 0.01107    5.066e-04
 0.01148    5.427e-04
 0.01189    5.799e-04
 0.01230    6.182e-04
 0.01270    6.575e-04
 0.01311    6.979e-04
 0.01352    7.393e-04
 0.01393    7.816e-04
 0.01434    8.250e-04
 0.01475    8.692e-04
 0.01516    9.144e-04
 0.01557    9.605e-04
 0.01598    1.007e-03
 0.01639    1.055e-03
 0.01680    1.104e-03
 0.01721    1.153e-03
 0.01762    1.203e-03
 0.01803    1.254e-03
 0.01844    1.306e-03
 0.01885    1.358e-03
 0.01926    1.411e-03
 0.01967    1.464e-03
 0.02008    1.519e-03
 0.02049    1.573e-03
 0.02090    1.628e-03
 0.02131    1.684e-03
 0.02172    1.740e-03
 0.02213    1.797e-03
 0.02254    1.854e-03
 0.02295    1.912e-03
 0.02336    1.969e-03
 0.02377    2.027e-03
 0.02418    2.086e-03
 0.02459    2.145e-03
 0.02500    2.204e-03
 0.02541    2.263e-03
 0.02582    2.322e-03
 0.02623    2.381e-03
 0.02664    2.441e-03
 0.02705    2.501e-03
 0.02746    2.560e-03
 0.02787    2.620e-03
 0.02828    2.679e-03
 0.02869    2.739e-03
 0.02910    2.799e-03
 0.02951    2.858e-03
 0.02992    2.917e-03
 0.03033    2.977e-03
 0.03074    3.036e-03
 0.03115    3.094e-03
 0.03156    3.153e-03
 0.03197    3.211e-03
 0.03238    3.269e-03
 0.03279    3.326e-03
 0.03320    3.384e-03
 0.03361    3.440e-03
 0.03402    3.497e-03
 0.03443    3.553e-03
 0.03484    3.608e-03
 0.03525    3.663e-03
 0.03566    3.717e-03
 0.03607    3.771e-03
 0.03648    3.825e-03
 0.03689    3.877e-03
 0.03730    3.929e-03
 0.03770    3.981e-03
 0.03811    4.031e-03
 0.03852    4.082e-03
 0.03893    4.131e-03
 0.03934    4.179e-03
 0.03975    4.227e-03
 0.04016    4.274e-03
 0.04057    4.321e-03
 0.04098    4.366e-03
 0.04139    4.411e-03
 0.04180    4.455e-03
 0.04221    4.498e-03
 0.04262    4.540e-03
 0.04303    4.581e-03
 0.04344    4.621e-03
 0.04385    4.661e-03
 0.04426    4.699e-03
 0.04467    4.737e-03
 0.04508    4.773e-03
 0.04549    4.808e-03
 0.04590    4.843e-03
 0.04631    4.877e-03
 0.04672    4.909e-03
 0.04713    4.941e-03
 0.04754    4.971e-03
 0.04795    5.001e-03
 0.04836    5.029e-03
 0.04877    5.056e-03
 0.04918    5.083e-03
 0.04959    5.108e-03
 0.05000    5.132e-03
 0.05041    5.156e-03
 0.05082    5.178e-03
 0.05123    5.199e-03
 0.05164    5.219e-03
 0.05205    5.238e-03
 0.05246    5.256e-03
 0.05287    5.272e-03
 0.05328    5.288e-03
 0.05369    5.303e-03
 0.05410    5.317e-03
 0.05451    5.329e-03
 0.05492    5.341e-03
 0.05533    5.351e-03
 0.05574    5.360e-03
 0.05615    5.368e-03
 0.05656    5.376e-03
 0.05697    5.382e-03
 0.05738    5.387e-03
 0.05779    5.391e-03
 0.05820    5.394e-03
 0.05861    5.396e-03
 0.05902    5.398e-03
 0.05943    5.398e-03
 0.05984    5.397e-03
 0.06025    5.395e-03
 0.06066    5.392e-03
 0.06107    5.388e-03
 0.06148    5.384e-03
 0.06189    5.378e-03
 0.06230    5.372e-03
 0.06270    5.364e-03
 0.06311    5.356e-03
 0.06352    5.347e-03
 0.06393    5.336e-03
 0.06434    5.325e-03
 0.06475    5.313e-03
 0.06516    5.301e-03
 0.06557    5.287e-03
 0.06598    5.273e-03
 0.06639    5.258e-03
 0.06680    5.242e-03
 0.06721    5.225e-03
 0.06762    5.207e-03
 0.06803    5.189e-03
 0.06844    5.171e-03
 0.06885    5.151e-03
 0.06926    5.130e-03
 0.06967    5.109e-03
 0.07008    5.088e-03
 0.07049    5.065e-03
 0.07090    5.042e-03
 0.07131    5.019e-03
 0.07172    4.995e-03
 0.07213    4.970e-03
 0.07254    4.944e-03
 0.07295    4.919e-03
 0.07336    4.892e-03
 0.07377    4.865e-03
 0.07418    4.837e-03
 0.07459    4.810e-03
 0.07500    4.781e-03
 0.07541    4.752e-03
 0.07582    4.722e-03
 0.07623    4.693e-03
 0.07664    4.662e-03
 0.07705    4.632e-03
 0.07746    4.601e-03
 0.07787    4.569e-03
 0.07828    4.537e-03
 0.07869    4.505e-03
 0.07910    4.473e-03
 0.07951    4.440e-03
 0.07992    4.407e-03
 0.08033    4.374e-03
 0.08074    4.340e-03
 0.08115    4.306e-03
 0.08156    4.272e-03
 0.08197    4.238e-03
 0.08238    4.203e-03
 0.08279    4.168e-03
 0.08320    4.133e-03
 0.08361    4.098e-03
 0.08402    4.063e-03
 0.08443    4.027e-03
 0.08484    3.992e-03
 0.08525    3.956e-03
 0.08566    3.920e-03
 0.08607    3.884e-03
 0.08648    3.848e-03
 0.08689    3.812e-03
 0.08730    3.776e-03
 0.08770    3.740e-03
 0.08811    3.704e-03
 0.08852    3.668e-03
 0.08893    3.631e-03
 0.08934    3.595e-03
 0.08975    3.558e-03
 0.09016    3.522e-03
 0.09057    3.486e-03
 0.09098    3.450e-03
 0.09139    3.414e-03
 0.09180    3.377e-03
 0.09221    3.341e-03
 0.09262    3.305e-03
 0.09303    3.269e-03
 0.09344    3.233e-03
 0.09385    3.198e-03
 0.09426    3.162e-03
 0.09467    3.126e-03
 0.09508    3.091e-03
 0.09549    3.055e-03
 0.09590    3.020e-03
 0.09631    2.985e-03
 0.09672    2.950e-03
 0.09713    2.915e-03
 0.09754    2.881e-03
 0.09795    2.846e-03
 0.09836    2.812e-03
 0.09877    2.778e-03
 0.09918    2.744e-03
 0.09959    2.710e-03
 0.10000    2.677e-03
 0.10041    2.643e-03
 0.10082    2.610e-03
 0.10123    2.577e-03
 0.10164    2.544e-03
 0.10205    2.512e-03
 0.10246    2.479e-03
 0.10287    2.447e-03
 0.10328    2.415e-03
 0.10369    2.384e-03
 0.10410    2.352e-03
 0.10451    2.321e-03
 0.10492    2.290e-03
 0.10533    2.259e-03
 0.10574    2.229e-03
 0.10615    2.199e-03
 0.10656    2.169e-03
 0.10697    2.139e-03
 0.10738    2.109e-03
 0.10779    2.080e-03
 0.10820    2.051e-03
 0.10861    2.023e-03
 0.10902    1.994e-03
 0.10943    1.966e-03
 0.10984    1.938e-03
 0.11025    1.910e-03
 0.11066    1.883e-03
 0.11107    1.856e-03
 0.11148    1.829e-03
 0.11189    1.802e-03
 0.11230    1.776e-03
 0.11270    1.750e-03
 0.11311    1.724e-03
 0.11352    1.698e-03
 0.11393    1.673e-03
 0.11434    1.648e-03
 0.11475    1.623e-03
 0.11516    1.599e-03
 0.11557    1.575e-03
 0.11598    1.551e-03
 0.11639    1.527e-03
 0.11680    1.504e-03
 0.11721    1.481e-03
 0.11762    1.458e-03
 0.11803    1.435e-03
 0.11844    1.413e-03
 0.11885    1.391e-03
 0.11926    1.369e-03
 0.11967    1.347e-03
 0.12008    1.326e-03
 0.12049    1.305e-03
 0.12090    1.284e-03
 0.12131    1.264e-03
 0.12172    1.243e-03
 0.12213    1.223e-03
 0.12254    1.204e-03
 0.12295    1.184e-03
 0.12336    1.165e-03
 0.12377    1.146e-03
 0.12418    1.127e-03
 0.12459    1.109e-03
 0.12500    1.091e-03
 0.12541    1.072e-03
 0.12582    1.055e-03
 0.12623    1.037e-03
 0.12664    1.020e-03
 0.12705    1.003e-03
 0.12746    9.860e-04
 0.12787    9.694e-04
 0.12828    9.531e-04
 0.12869    9.369e-04
 0.12910    9.210e-04
 0.12951    9.053e-04
 0.12992    8.898e-04
 0.13033    8.746e-04
 0.13074    8.596e-04
 0.13115    8.448e-04
 0.13156    8.302e-04
 0.13197    8.158e-04
 0.13238    8.017e-04
 0.13279    7.877e-04
 0.13320    7.739e-04
 0.13361    7.604e-04
 0.13402    7.471e-04
 0.13443    7.339e-04
 0.13484    7.210e-04
 0.13525    7.082e-04
 0.13566    6.957e-04
 0.13607    6.833e-04
 0.13648    6.711e-04
 0.13689    6.591e-04
 0.13730    6.473e-04
 0.13770    6.357e-04
 0.13811    6.243e-04
 0.13852    6.130e-04
 0.13893    6.019e-04
 0.13934    5.910e-04
 0.13975    5.803e-04
 0.14016    5.697e-04
 0.14057    5.593e-04
 0.14098    5.491e-04
 0.14139    5.391e-04
 0.14180    5.292e-04
 0.14221    5.194e-04
 0.14262    5.098e-04
 0.14303    5.004e-04
 0.14344    4.912e-04
 0.14385    4.820e-04
 0.14426    4.731e-04
 0.14467    4.643e-04
 0.14508    4.556e-04
 0.14549    4.470e-04
 0.14590    4.387e-04
 0.14631    4.304e-04
 0.14672    4.223e-04
 0.14713    4.144e-04
 0.14754    4.065e-04
 0.14795    3.988e-04
 0.14836    3.913e-04
 0.14877    3.838e-04
 0.14918    3.765e-04
 0.14959    3.694e-04
 0.15000    3.623e-04
 0.15041    3.554e-04
 0.15082    3.486e-04
 0.15123    3.419e-04
 0.15164    3.353e-04
 0.15205    3.288e-04
 0.15246    3.225e-04
 0.15287    3.162e-04
 0.15328    3.101e-04
 0.15369    3.041e-04
 0.15410    2.982e-04
 0.15451    2.924e-04
 0.15492    2.867e-04
 0.15533    2.811e-04
 0.15574    2.756e-04
 0.15615    2.702e-04
 0.15656    2.649e-04
 0.15697    2.597e-04
 0.15738    2.546e-04
 0.15779    2.495e-04
 0.15820    2.446e-04
 0.15861    2.398e-04
 0.15902    2.350e-04
 0.15943    2.304e-04
 0.15984    2.258e-04
 0.16025    2.213e-04
 0.16066    2.169e-04
 0.16107    2.126e-04
 0.16148    2.084e-04
 0.16189    2.042e-04
 0.16230    2.001e-04
 0.16270    1.961e-04
 0.16311    1.921e-04
 0.16352    1.883e-04
 0.16393    1.845e-04
 0.16434    1.808e-04
 0.16475    1.771e-04
 0.16516    1.736e-04
 0.16557    1.701e-04
 0.16598    1.666e-04
 0.16639    1.632e-04
 0.16680    1.599e-04
 0.16721    1.567e-04
 0.16762    1.535e-04
 0.16803    1.504e-04
 0.16844    1.473e-04
 0.16885    1.443e-04
 0.16926    1.413e-04
 0.16967    1.384e-04
 0.17008    1.356e-04
 0.17049    1.328e-04
 0.17090    1.301e-04
 0.17131    1.274e-04
 0.17172    1.248e-04
 0.17213    1.222e-04
 0.17254    1.197e-04
 0.17295    1.172e-04
 0.17336    1.148e-04
 0.17377    1.124e-04
 0.17418    1.101e-04
 0.17459    1.078e-04
 0.17500    1.056e-04
 0.17541    1.034e-04
 0.17582    1.012e-04
 0.17623    9.914e-05
 0.17664    9.707e-05
 0.17705    9.505e-05
 0.17746    9.306e-05
 0.17787    9.111e-05
 0.17828    8.921e-05
 0.17869    8.734e-05
 0.17910    8.551e-05
 0.17951    8.372e-05
 0.17992    8.196e-05
 0.18033    8.024e-05
 0.18074    7.855e-05
 0.18115    7.689e-05
 0.18156    7.527e-05
 0.18197    7.368e-05
 0.18238    7.212e-05
 0.18279    7.060e-05
 0.18320    6.911e-05
 0.18361    6.764e-05
 0.18402    6.621e-05
 0.18443    6.480e-05
 0.18484    6.343e-05
 0.18525    6.208e-05
 0.18566    6.076e-05
 0.18607    5.947e-05
 0.18648    5.820e-05
 0.18689    5.696e-05
 0.18730    5.574e-05
 0.18770    5.455e-05
 0.18811    5.339e-05
 0.18852    5.224e-05
 0.18893    5.112e-05
 0.18934    5.003e-05
 0.18975    4.896e-05
 0.19016    4.790e-05
 0.19057    4.688e-05
 0.19098    4.587e-05
 0.19139    4.488e-05
 0.19180    4.391e-05
 0.19221    4.297e-05
 0.19262    4.204e-05
 0.19303    4.113e-05
 0.19344    4.024e-05
 0.19385    3.938e-05
 0.19426    3.852e-05
 0.19467    3.769e-05
 0.19508    3.687e-05
 0.19549    3.607e-05
 0.19590    3.529e-05
 0.19631    3.452e-05
 0.19672    3.377e-05
 0.19713    3.304e-05
 0.19754    3.232e-05
 0.19795    3.162e-05
 0.19836    3.093e-05
 0.19877    3.026e-05
 0.19918    2.959e-05
 0.19959    2.895e-05
 0.20000    2.832e-05
 0.20041    2.770e-05
 0.20082    2.709e-05
 0.20123    2.650e-05
 0.20164    2.592e-05
 0.20205    2.535e-05
 0.20246    2.479e-05
 0.20287    2.425e-05
 0.20328    2.372e-05
 0.20369    2.320e-05
 0.20410    2.269e-05
 0.20451    2.219e-05
 0.20492    2.170e-05
 0.20533    2.122e-05
 0.20574    2.075e-05
 0.20615    2.030e-05
 0.20656    1.985e-05
 0.20697    1.941e-05
 0.20738    1.898e-05
 0.20779    1.856e-05
 0.20820    1.815e-05
 0.20861    1.775e-05
 0.20902    1.736e-05
 0.20943    1.697e-05
 0.20984    1.660e-05
 0.21025    1.623e-05
 0.21066    1.587e-05
 0.21107    1.552e-05
 0.21148    1.517e-05
 0.21189    1.484e-05
 0.21230    1.451e-05
 0.21270    1.419e-05
 0.21311    1.387e-05
 0.21352    1.356e-05
 0.21393    1.326e-05
 0.21434    1.296e-05
 0.21475    1.267e-05
 0.21516    1.239e-05
 0.21557    1.212e-05
 0.21598    1.185e-05
 0.21639    1.158e-05
 0.21680    1.132e-05
 0.21721    1.107e-05
 0.21762    1.082e-05
 0.21803    1.058e-05
 0.21844    1.034e-05
 0.21885    1.011e-05
 0.21926    9.887e-06
 0.21967    9.666e-06
 0.22008    9.449e-06
 0.22049    9.238e-06
 0.22090    9.031e-06
 0.22131    8.828e-06
 0.22172    8.630e-06
 0.22213    8.437e-06
 0.22254    8.247e-06
 0.22295    8.063e-06
 0.22336    7.882e-06
 0.22377    7.704e-06
 0.22418    7.531e-06
 0.22459    7.361e-06
 0.22500    7.196e-06
 0.22541    7.035e-06
 0.22582    6.876e-06
 0.22623    6.722e-06
 0.22664    6.570e-06
 0.22705    6.422e-06
 0.22746    6.278e-06
 0.22787    6.136e-06
 0.22828    5.998e-06
 0.22869    5.863e-06
 0.22910    5.731e-06
 0.22951    5.602e-06
 0.22992    5.476e-06
 0.23033    5.352e-06
 0.23074    5.232e-06
 0.23115    5.114e-06
 0.23156    4.998e-06
 0.23197    4.886e-06
 0.23238    4.775e-06
 0.23279    4.668e-06
 0.23320    4.562e-06
 0.23361    4.459e-06
 0.23402    4.359e-06
 0.23443    4.261e-06
 0.23484    4.164e-06
 0.23525    4.070e-06
 0.23566    3.979e-06
 0.23607    3.889e-06
 0.23648    3.801e-06
 0.23689    3.715e-06
 0.23730    3.632e-06
 0.23770    3.550e-06
 0.23811    3.469e-06
 0.23852    3.391e-06
 0.23893    3.315e-06
 0.23934    3.240e-06
 0.23975    3.167e-06
 0.24016    3.095e-06
 0.24057    3.026e-06
 0.24098    2.958e-06
 0.24139    2.891e-06
 0.24180    2.825e-06
 0.24221    2.762e-06
 0.24262    2.700e-06
 0.24303    2.639e-06
 0.24344    2.579e-06
 0.24385    2.521e-06
 0.24426    2.464e-06
 0.24467    2.408e-06
 0.24508    2.354e-06
 0.24549    2.301e-06
 0.24590    2.249e-06
 0.24631    2.199e-06
 0.24672    2.149e-06
 0.24713    2.100e-06
 0.24754    2.053e-06
 0.24795    2.007e-06
 0.24836    1.962e-06
 0.24877    1.918e-06
 0.24918    1.874e-06
 0.24959    1.832e-06
 0.25000    1.790e-06
 0.25041    1.749e-06
 0.25082    1.710e-06
 0.25123    1.671e-06
 0.25164    1.633e-06
 0.25205    1.596e-06
 0.25246    1.560e-06
 0.25287    1.524e-06
 0.25328    1.489e-06
 0.25369    1.455e-06
 0.25410    1.422e-06
 0.25451    1.390e-06
 0.25492    1.358e-06
 0.25533    1.326e-06
 0.25574    1.296e-06
 0.25615    1.266e-06
 0.25656    1.237e-06
 0.25697    1.208e-06
 0.25738    1.180e-06
 0.25779    1.152e-06
 0.25820    1.125e-06
 0.25861    1.099e-06
 0.25902    1.073e-06
 0.25943    1.047e-06
 0.25984    1.022e-06
 0.26025    9.979e-07
 0.26066    9.739e-07
 0.26107    9.503e-07
 0.26148    9.272e-07
 0.26189    9.045e-07
 0.26230    8.826e-07
 0.26270    8.609e-07
 0.26311    8.397e-07
 0.26352    8.188e-07
 0.26393    7.983e-07
 0.26434    7.781e-07
 0.26475    7.584e-07
 0.26516    7.390e-07
 0.26557    7.201e-07
 0.26598    7.014e-07
 0.26639    6.830e-07
 0.26680    6.651e-07
 0.26721    6.475e-07
 0.26762    6.303e-07
 0.26803    6.134e-07
 0.26844    5.969e-07
 0.26885    5.806e-07
 0.26926    5.648e-07
 0.26967    5.492e-07
 0.27008    5.339e-07
 0.27049    5.189e-07
 0.27090    5.042e-07
 0.27131    4.899e-07
 0.27172    4.759e-07
 0.27213    4.621e-07
 0.27254    4.487e-07
 0.27295    4.355e-07
 0.27336    4.225e-07
 0.27377    4.099e-07
 0.27418    3.976e-07
 0.27459    3.855e-07
 0.27500    3.737e-07
 0.27541    3.622e-07
 0.27582    3.510e-07
 0.27623    3.400e-07
 0.27664    3.293e-07
 0.27705    3.189e-07
 0.27746    3.087e-07
 0.27787    2.987e-07
 0.27828    2.890e-07
 0.27869    2.795e-07
 0.27910    2.703e-07
 0.27951    2.613e-07
 0.27992    2.526e-07
 0.28033    2.441e-07
 0.28074    2.359e-07
 0.28115    2.279e-07
 0.28156    2.200e-07
 0.28197    2.124e-07
 0.28238    2.050e-07
 0.28279    1.978e-07
 0.28320    1.908e-07
 0.28361    1.840e-07
 0.28402    1.775e-07
 0.28443    1.712e-07
 0.28484    1.651e-07
 0.28525    1.591e-07
 0.28566    1.533e-07
 0.28607    1.477e-07
 0.28648    1.423e-07
 0.28689    1.370e-07
 0.28730    1.319e-07
 0.28770    1.269e-07
 0.28811    1.221e-07
 0.28852    1.175e-07
 0.28893    1.131e-07
 0.28934    1.089e-07
 0.28975    1.048e-07
 0.29016    1.008e-07
 0.29057    9.689e-08
 0.29098    9.313e-08
 0.29139    8.951e-08
 0.29180    8.599e-08
 0.29221    8.259e-08
 0.29262    7.931e-08
 0.29303    7.615e-08
 0.29344    7.321e-08
 0.29385    7.038e-08
 0.29426    6.763e-08
 0.29467    6.496e-08
 0.29508    6.238e-08
 0.29549    5.988e-08
 0.29590    5.746e-08
 0.29631    5.513e-08
 0.29672    5.287e-08
 0.29713    5.070e-08
 0.29754    4.860e-08
 0.29795    4.664e-08
 0.29836    4.480e-08
 0.29877    4.301e-08
 0.29918    4.128e-08
 0.29959    3.961e-08
 0.30000    3.799e-08
 0.30041    3.642e-08
 0.30082    3.491e-08
 0.30123    3.345e-08
 0.30164    3.205e-08
 0.30205    3.069e-08
 0.30246    2.938e-08
 0.30287    2.818e-08
 0.30328    2.705e-08
 0.30369    2.595e-08
 0.30410    2.489e-08
 0.30451    2.386e-08
 0.30492    2.287e-08
 0.30533    2.192e-08
 0.30574    2.099e-08
 0.30615    2.010e-08
 0.30656    1.924e-08
 0.30697    1.841e-08
 0.30738    1.762e-08
 0.30779    1.687e-08
 0.30820    1.618e-08
 0.30861    1.552e-08
 0.30902    1.488e-08
 0.30943    1.426e-08
 0.30984    1.366e-08
 0.31025    1.308e-08
 0.31066    1.252e-08
 0.31107    1.199e-08
 0.31148    1.147e-08
 0.31189    1.097e-08
 0.31230    1.050e-08
 0.31270    1.005e-08
 0.31311    9.640e-09
 0.31352    9.239e-09
 0.31393    8.853e-09
 0.31434    8.480e-09
 0.31475    8.120e-09
 0.31516    7.773e-09
 0.31557    7.438e-09
 0.31598    7.118e-09
 0.31639    6.809e-09
 0.31680    6.514e-09
 0.31721    6.239e-09
 0.31762    5.979e-09
 0.31803    5.728e-09
 0.31844    5.486e-09
 0.31885    5.253e-09
 0.31926    5.029e-09
 0.31967    4.813e-09
 0.32008    4.605e-09
 0.32049    4.406e-09
 0.32090    4.216e-09
 0.32131    4.040e-09
 0.32172    3.870e-09
 0.32213    3.706e-09
 0.32254    3.548e-09
 0.32295    3.397e-09
 0.32336    3.251e-09
 0.32377    3.111e-09
 0.32418    2.977e-09
 0.32459    2.852e-09
 0.32500    2.732e-09
 0.32541    2.616e-09
 0.32582    2.504e-09
 0.32623    2.397e-09
 0.32664    2.294e-09
 0.32705    2.196e-09
 0.32746    2.104e-09
 0.32787    2.016e-09
 0.32828    1.931e-09
 0.32869    1.849e-09
 0.32910    1.769e-09
 0.32951    1.693e-09
 0.32992    1.620e-09
 0.33033    1.553e-09
 0.33074    1.489e-09
 0.33115    1.427e-09
 0.33156    1.367e-09
 0.33197    1.309e-09
 0.33238    1.254e-09
 0.33279    1.200e-09
 0.33320    1.149e-09
 0.33361    1.099e-09
 0.33402    1.052e-09
 0.33443    1.006e-09
 0.33484    9.623e-10
 0.33525    9.225e-10
 0.33566    8.841e-10
 0.33607    8.471e-10
 0.33648    8.114e-10
 0.33689    7.769e-10
 0.33730    7.437e-10
 0.33770    7.117e-10
 0.33811    6.808e-10
 0.33852    6.528e-10
 0.33893    6.265e-10
 0.33934    6.011e-10
 0.33975    5.764e-10
 0.34016    5.525e-10
 0.34057    5.295e-10
 0.34098    5.072e-10
 0.34139    4.856e-10
 0.34180    4.648e-10
 0.34221    4.448e-10
 0.34262    4.255e-10
 0.34303    4.069e-10
 0.34344    3.891e-10
 0.34385    3.719e-10
 0.34426    3.572e-10
 0.34467    3.430e-10
 0.34508    3.292e-10
 0.34549    3.158e-10
 0.34590    3.028e-10
 0.34631    2.903e-10
 0.34672    2.781e-10
 0.34713    2.664e-10
 0.34754    2.551e-10
 0.34795    2.441e-10
 0.34836    2.336e-10
 0.34877    2.235e-10
 0.34918    2.137e-10
 0.34959    2.043e-10
 0.35000    1.953e-10
 0.35041    1.876e-10
 0.35082    1.802e-10
 0.35123    1.730e-10
 0.35164    1.660e-10
 0.35205    1.593e-10
 0.35246    1.527e-10
 0.35287    1.464e-10
 0.35328    1.403e-10
 0.35369    1.344e-10
 0.35410    1.287e-10
 0.35451    1.232e-10
 0.35492    1.179e-10
 0.35533    1.127e-10
 0.35574    1.078e-10
 0.35615    1.031e-10
 0.35656    9.871e-11
 0.35697    9.488e-11
 0.35738    9.116e-11
 0.35779    8.755e-11
 0.35820    8.404e-11
 0.35861    8.066e-11
 0.35902    7.737e-11
 0.35943    7.419e-11
 0.35984    7.111e-11
 0.36025    6.813e-11
 0.36066    6.526e-11
 0.36107    6.248e-11
 0.36148    5.981e-11
 0.36189    5.723e-11
 0.36230    5.475e-11
 0.36270    5.236e-11
 0.36311    5.005e-11
 0.36352    4.811e-11
 0.36393    4.622e-11
 0.36434    4.439e-11
 0.36475    4.261e-11
 0.36516    4.090e-11
 0.36557    3.924e-11
 0.36598    3.764e-11
 0.36639    3.609e-11
 0.36680    3.460e-11
 0.36721    3.315e-11
 0.36762    3.176e-11
 0.36803    3.043e-11
 0.36844    2.914e-11
 0.36885    2.791e-11
 0.36926    2.672e-11
 0.36967    2.559e-11
 0.37008    2.450e-11
 0.37049    2.352e-11
 0.37090    2.257e-11
 0.37131    2.165e-11
 0.37172    2.077e-11
 0.37213    1.992e-11
 0.37254    1.910e-11
 0.37295    1.831e-11
 0.37336    1.755e-11
 0.37377    1.683e-11
 0.37418    1.617e-11
 0.37459    1.552e-11
 0.37500    1.490e-11
 0.37541    1.429e-11
 0.37582    1.371e-11
 0.37623    1.315e-11
 0.37664    1.261e-11
 0.37705    1.208e-11
 0.37746    1.159e-11
 0.37787    1.115e-11
 0.37828    1.072e-11
 0.37869    1.030e-11
 0.37910    9.896e-12
 0.37951    9.505e-12
 0.37992    9.126e-12
 0.38033    8.759e-12
 0.38074    8.406e-12
 0.38115    8.063e-12
 0.38156    7.733e-12
 0.38197    7.414e-12
 0.38238    7.107e-12
 0.38279    6.810e-12
 0.38320    6.526e-12
 0.38361    6.252e-12
 0.38402    5.989e-12
 0.38443    5.759e-12
 0.38484    5.536e-12
 0.38525    5.320e-12
 0.38566    5.111e-12
 0.38607    4.908e-12
 0.38648    4.713e-12
 0.38689    4.524e-12
 0.38730    4.341e-12
 0.38770    4.166e-12
 0.38811    3.996e-12
 0.38852    3.833e-12
 0.38893    3.677e-12
 0.38934    3.525e-12
 0.38975    3.385e-12
 0.39016    3.254e-12
 0.39057    3.127e-12
 0.39098    3.004e-12
 0.39139    2.885e-12
 0.39180    2.770e-12
 0.39221    2.660e-12
 0.39262    2.553e-12
 0.39303    2.451e-12
 0.39344    2.353e-12
 0.39385    2.258e-12
 0.39426    2.170e-12
 0.39467    2.085e-12
 0.39508    2.004e-12
 0.39549    1.925e-12
 0.39590    1.848e-12
 0.39631    1.775e-12
 0.39672    1.705e-12
 0.39713    1.637e-12
 0.39754    1.574e-12
 0.39795    1.513e-12
 0.39836    1.453e-12
 0.39877    1.397e-12
 0.39918    1.342e-12
 0.39959    1.289e-12
 0.40000    1.238e-12
 0.40041    1.189e-12
 0.40082    1.143e-12
 0.40123    1.099e-12
 0.40164    1.056e-12
 0.40205    1.015e-12
 0.40246    9.751e-13
 0.40287    9.367e-13
 0.40328    9.011e-13
 0.40369    8.666e-13
 0.40410    8.332e-13
 0.40451    8.009e-13
 0.40492    7.698e-13
 0.40533    7.398e-13
 0.40574    7.108e-13
 0.40615    6.829e-13
 0.40656    6.567e-13
 0.40697    6.319e-13
 0.40738    6.079e-13
 0.40779    5.847e-13
 0.40820    5.623e-13
 0.40861    5.406e-13
 0.40902    5.196e-13
 0.40943    4.994e-13
 0.40984    4.800e-13
 0.41025    4.612e-13
 0.41066    4.435e-13
 0.41107    4.269e-13
 0.41148    4.108e-13
 0.41189    3.953e-13
 0.41230    3.803e-13
 0.41270    3.657e-13
 0.41311    3.517e-13
 0.41352    3.381e-13
 0.41393    3.251e-13
 0.41434    3.125e-13
 0.41475    3.004e-13
 0.41516    2.892e-13
 0.41557    2.784e-13
 0.41598    2.680e-13
 0.41639    2.579e-13
 0.41680    2.481e-13
 0.41721    2.387e-13
 0.41762    2.296e-13
 0.41803    2.208e-13
 0.41844    2.123e-13
 0.41885    2.042e-13
 0.41926    1.965e-13
 0.41967    1.892e-13
 0.42008    1.821e-13
 0.42049    1.753e-13
 0.42090    1.687e-13
 0.42131    1.623e-13
 0.42172    1.562e-13
 0.42213    1.502e-13
 0.42254    1.447e-13
 0.42295    1.393e-13
 0.42336    1.342e-13
 0.42377    1.292e-13
 0.42418    1.243e-13
 0.42459    1.197e-13
 0.42500    1.151e-13
 0.42541    1.108e-13
 0.42582    1.067e-13
 0.42623    1.028e-13
 0.42664    9.907e-14
 0.42705    9.542e-14
 0.42746    9.189e-14
 0.42787    8.848e-14
 0.42828    8.519e-14
 0.42869    8.200e-14
 0.42910    7.893e-14
 0.42951    7.596e-14
 0.42992    7.309e-14
 0.43033    7.043e-14
 0.43074    6.788e-14
 0.43115    6.540e-14
 0.43156    6.300e-14
 0.43197    6.069e-14
 0.43238    5.845e-14
 0.43279    5.629e-14
 0.43320    5.420e-14
 0.43361    5.218e-14
 0.43402    5.025e-14
 0.43443    4.845e-14
 0.43484    4.670e-14
 0.43525    4.501e-14
 0.43566    4.337e-14
 0.43607    4.178e-14
 0.43648    4.025e-14
 0.43689    3.877e-14
 0.43730    3.734e-14
 0.43770    3.596e-14
 0.43811    3.465e-14
 0.43852    3.341e-14
 0.43893    3.221e-14
 0.43934    3.105e-14
 0.43975    2.992e-14
 0.44016    2.884e-14
 0.44057    2.778e-14
 0.44098    2.677e-14
 0.44139    2.579e-14
 0.44180    2.485e-14
 0.44221    2.398e-14
 0.44262    2.313e-14
 0.44303    2.230e-14
 0.44344    2.150e-14
 0.44385    2.073e-14
 0.44426    1.998e-14
 0.44467    1.925e-14
 0.44508    1.855e-14
 0.44549    1.785e-14
 0.44590    1.724e-14
 0.44631    1.665e-14
 0.44672    1.608e-14
 0.44713    1.552e-14
 0.44754    1.498e-14
 0.44795    1.445e-14
 0.44836    1.394e-14
 0.44877    1.345e-14
 0.44918    1.297e-14
 0.44959    1.250e-14
 0.45000    1.205e-14
 0.45041    1.162e-14
 0.45082    1.119e-14
 0.45123    1.079e-14
 0.45164    1.039e-14
 0.45205    1.002e-14
 0.45246    9.650e-15
 0.45287    9.297e-15
 0.45328    8.963e-15
 0.45369    8.651e-15
 0.45410    8.348e-15
 0.45451    8.055e-15
 0.45492    7.771e-15
 0.45533    7.497e-15
 0.45574    7.231e-15
 0.45615    6.973e-15
 0.45656    6.725e-15
 0.45697    6.484e-15
 0.45738    6.261e-15
 0.45779    6.043e-15
 0.45820    5.833e-15
 0.45861    5.628e-15
 0.45902    5.431e-15
 0.45943    5.240e-15
 0.45984    5.055e-15
 0.46025    4.876e-15
 0.46066    4.703e-15
 0.46107    4.539e-15
 0.46148    4.382e-15
 0.46189    4.231e-15
 0.46230    4.084e-15
 0.46270    3.942e-15
 0.46311    3.804e-15
 0.46352    3.671e-15
 0.46393    3.542e-15
 0.46434    3.417e-15
 0.46475    3.296e-15
 0.46516    3.184e-15
 0.46557    3.075e-15
 0.46598    2.969e-15
 0.46639    2.866e-15
 0.46680    2.767e-15
 0.46721    2.671e-15
 0.46762    2.577e-15
 0.46803    2.487e-15
 0.46844    2.400e-15
 0.46885    2.317e-15
 0.46926    2.238e-15
 0.46967    2.162e-15
 0.47008    2.088e-15
 0.47049    2.016e-15
 0.47090    1.947e-15
 0.47131    1.879e-15
 0.47172    1.814e-15
 0.47213    1.751e-15
 0.47254    1.690e-15
 0.47295    1.631e-15
 0.47336    1.576e-15
 0.47377    1.523e-15
 0.47418    1.472e-15
 0.47459    1.422e-15
 0.47500    1.373e-15
 0.47541    1.326e-15
 0.47582    1.280e-15
 0.47623    1.235e-15
 0.47664    1.192e-15
 0.47705    1.150e-15
 0.47746    1.112e-15
 0.47787    1.076e-15
 0.47828    1.040e-15
 0.47869    1.006e-15
 0.47910    9.724e-16
 0.47951    9.399e-16
 0.47992    9.082e-16
 0.48033    8.775e-16
 0.48074    8.475e-16
 0.48115    8.186e-16
 0.48156    7.904e-16
 0.48197    7.631e-16
 0.48238    7.367e-16
 0.48279    7.111e-16
 0.48320    6.863e-16
 0.48361    6.623e-16
 0.48402    6.391e-16
 0.48443    6.166e-16
 0.48484    5.953e-16
 0.48525    5.755e-16
 0.48566    5.564e-16
 0.48607    5.378e-16
 0.48648    5.197e-16
 0.48689    5.022e-16
 0.48730    4.851e-16
 0.48770    4.686e-16
 0.48811    4.527e-16
 0.48852    4.372e-16
 0.48893    4.223e-16
 0.48934    4.079e-16
 0.48975    3.938e-16
 0.49016    3.806e-16
 0.49057    3.678e-16
 0.49098    3.555e-16
 0.49139    3.435e-16
 0.49180    3.319e-16
 0.49221    3.207e-16
 0.49262    3.098e-16
 0.49303    2.993e-16
 0.49344    2.893e-16
 0.49385    2.797e-16
 0.49426    2.703e-16
 0.49467    2.612e-16
 0.49508    2.524e-16
 0.49549    2.439e-16
 0.49590    2.356e-16
 0.49631    2.276e-16
 0.49672    2.201e-16
 0.49713    2.128e-16
 0.49754    2.057e-16
 0.49795    1.988e-16
 0.49836    1.921e-16
 0.49877    1.857e-16
 0.49918    1.794e-16
 0.49959    1.732e-16
