 0.00943   2.1234823e-02
 0.02746   1.1785200e-01
 0.04549   2.1570200e-01
 0.06352   2.3593900e-01
 0.08156   1.8531700e-01
 0.09959   1.1528000e-01
 0.11762   6.0653400e-02
 0.13566   2.8258200e-02
 0.15369   1.2046200e-02
 0.17172   4.8183800e-03
 0.18975   1.8414900e-03
 0.20779   6.8032900e-04
 0.22582   2.4580800e-04
 0.24385   8.8003000e-05
 0.26189   2.9663700e-05
 0.27992   7.3182300e-06
 0.29795   1.2367790e-06
 0.31598   1.7847700e-07
 0.33402   2.5375100e-08
 0.35205   3.6976300e-09
 0.37008   5.5501800e-10
 0.38811   8.7888000e-11
 0.40615   1.4776900e-11
 0.42418   2.6439100e-12
 0.44221   5.0325400e-13
 0.46025   1.0059330e-13
 0.47828   2.1018400e-14
 0.49631   7.3040000e-16
