 0.00943   5.0480526e-02
 0.02746   2.4050600e-01
 0.04549   3.2821000e-01
 0.06352   2.3299700e-01
 0.08156   1.0453700e-01
 0.09959   3.3204900e-02
 0.11762   8.1091800e-03
 0.13566   1.6216400e-03
 0.15369   2.7871300e-04
 0.17172   4.2972900e-05
 0.18975   6.1475100e-06
 0.20779   8.3412700e-07
 0.22582   1.0948560e-07
 0.24385   1.4181690e-08
 0.26189   1.7523600e-09
 0.27992   1.6253990e-10
 0.29795   1.0257880e-11
 0.31598   5.4655900e-13
 0.33402   2.9019400e-14
 0.35205   1.3200380e-15
 0.37008   0.0000000e+00
 0.38811   0.0000000e+00
 0.40615   0.0000000e+00
 0.42418   0.0000000e+00
 0.44221   0.0000000e+00
 0.46025   0.0000000e+00
 0.47828   0.0000000e+00
 0.49631   0.0000000e+00
