# 1) Radius of the zone in units of one solar radius
# 2) Fraction of pp neutrinos produced in the zone
# 3) Fraction of boron 8 neutrinos produced in the zone
# 4) Fraction of nitrogen 13 neutrinos produced in the zone
# 5) Fraction of oxygen 15 neutrinos produced in the zone
# 6) Fraction of florine 17 neutrinos produced in the zone
# 7) Fraction of beryllium 7 neutrinos produced in the zone
# 8) Fraction of pep neutrinos produced in the zone
# 9) Fraction of hep neutrinos produced in the zone
 0.00943   4.5166992e-03   5.0480526e-02   3.2722074e-02   4.3041848e-02   4.7052414e-02   2.1234823e-02   7.0578020e-03   1.9117029e-03
 0.02746   2.8922300e-02   2.4050600e-01   1.5851300e-01   2.0850400e-01   2.2499800e-01   1.1785200e-01   4.3736700e-02   1.3169800e-02
 0.04549   6.9394000e-02   3.2821000e-01   2.2871500e-01   3.0085500e-01   3.1397200e-01   2.1570200e-01   9.8912000e-02   3.5547300e-02
 0.06352   1.1145300e-01   2.3299700e-01   1.8276600e-01   2.4043800e-01   2.3633200e-01   2.3593900e-01   1.4664800e-01   6.5575000e-02
 0.08156   1.4016200e-01   1.0453700e-01   9.9036000e-02   1.3032600e-01   1.1769000e-01   1.8531700e-01   1.6771000e-01   9.5403000e-02
 0.09959   1.4788500e-01   3.3204900e-02   4.0434900e-02   5.3264100e-02   4.3340700e-02   1.1528000e-01   1.5915700e-01   1.1684300e-01
 0.11762   1.3630700e-01   8.1091800e-03   1.3290800e-02   1.7561800e-02   1.2693700e-02   6.0653400e-02   1.3081100e-01   1.2549000e-01
 0.13566   1.1281500e-01   1.6216400e-03   1.4490600e-02   4.8704400e-03   3.1101700e-03   2.8258200e-02   9.5795000e-02   1.2159900e-01
 0.15369   8.5556000e-02   2.7871300e-04   9.8172000e-02   1.0028950e-03   6.6170600e-04   1.2046200e-02   6.3779000e-02   1.0851000e-01
 0.17172   6.0412000e-02   4.2972900e-05   9.0579000e-02   1.1244410e-04   1.2648700e-04   4.8183800e-03   3.9214400e-02   9.0542000e-02
 0.18975   4.0228500e-02   6.1475100e-06   3.1393200e-02   1.2451850e-05   2.2344900e-05   1.8414900e-03   2.2544100e-02   7.1505000e-02
 0.20779   2.5527300e-02   8.3412700e-07   7.7405200e-03   2.1004100e-06   3.7171000e-06   6.8032900e-04   1.2248500e-02   5.4039000e-02
 0.22582   1.5576600e-02   1.0948560e-07   1.6984200e-03   3.8231600e-07   5.9178300e-07   2.4580800e-04   6.3490900e-03   3.9553000e-02
 0.24385   9.2101000e-03   1.4181690e-08   3.5520500e-04   6.8345600e-08   9.1389600e-08   8.8003000e-05   3.1671200e-03   2.8425700e-02
 0.26189   5.3116500e-03   1.7523600e-09   7.2467500e-05   1.1984900e-08   1.3828300e-08   2.9663700e-05   1.5320200e-03   1.8881600e-02
 0.27992   3.0062800e-03   1.6253990e-10   1.4594300e-05   2.0782000e-09   2.0702500e-09   7.3182300e-06   7.2376000e-04   8.9619000e-03
 0.29795   1.6788300e-03   1.0257880e-11   2.9215900e-06   3.5855300e-10   3.0862400e-10   1.2367790e-06   3.3610400e-04   2.9150200e-03
 0.31598   9.2873000e-04   5.4655900e-13   5.8440700e-07   6.1851600e-11   4.6042300e-11   1.7847700e-07   1.5425400e-04   8.1276500e-04
 0.33402   5.1060000e-04   2.9019400e-14   1.1764800e-07   1.0758050e-11   6.9400900e-12   2.5375100e-08   7.0287000e-05   2.2173300e-04
 0.35205   2.7969700e-04   1.3200380e-15   2.3863300e-08   1.8882500e-12   1.0577130e-12   3.6976300e-09   3.1907300e-05   6.1528800e-05
#0.37008   1.5297000e-04   0.0000000e+00   4.8515400e-09   3.3203800e-13   1.6139100e-13   5.5501800e-10   1.4467300e-05   1.7612900e-05
#0.38811   8.3661000e-05   0.0000000e+00   9.9527200e-10   5.9000600e-14   2.4931700e-14   8.7888000e-11   6.5689100e-06   5.2806700e-06
#0.40615   4.5801800e-05   0.0000000e+00   2.0584100e-10   1.0580790e-14   3.8912300e-15   1.4776900e-11   2.9914100e-06   1.6732600e-06
#0.42418   2.5120400e-05   0.0000000e+00   4.2854800e-11   1.9111400e-15   3.9322790e-16   2.6439100e-12   1.3678000e-06   5.6251500e-07
#0.44221   1.3808500e-05   0.0000000e+00   8.9859200e-12   3.4800500e-16   0.0000000e+00   5.0325400e-13   6.2847400e-07   2.0035500e-07
#0.46025   7.6093000e-06   0.0000000e+00   1.8867400e-12   6.3570800e-17   0.0000000e+00   1.0059330e-13   2.9021800e-07   7.5049000e-08
#0.47828   4.2032000e-06   0.0000000e+00   3.9807500e-13   7.3586040e-18   0.0000000e+00   2.1018400e-14   1.3474700e-07   2.9296700e-08
#0.49631   2.6671000e-07   0.0000000e+00   1.3702000e-14   0.0000000e+00   0.0000000e+00   7.3040000e-16   7.7140000e-09   1.5263000e-09
