 0.00943   1.9117029e-03
 0.02746   1.3169800e-02
 0.04549   3.5547300e-02
 0.06352   6.5575000e-02
 0.08156   9.5403000e-02
 0.09959   1.1684300e-01
 0.11762   1.2549000e-01
 0.13566   1.2159900e-01
 0.15369   1.0851000e-01
 0.17172   9.0542000e-02
 0.18975   7.1505000e-02
 0.20779   5.4039000e-02
 0.22582   3.9553000e-02
 0.24385   2.8425700e-02
 0.26189   1.8881600e-02
 0.27992   8.9619000e-03
 0.29795   2.9150200e-03
 0.31598   8.1276500e-04
 0.33402   2.2173300e-04
 0.35205   6.1528800e-05
 0.37008   1.7612900e-05
 0.38811   5.2806700e-06
 0.40615   1.6732600e-06
 0.42418   5.6251500e-07
 0.44221   2.0035500e-07
 0.46025   7.5049000e-08
 0.47828   2.9296700e-08
 0.49631   1.5263000e-09
