 0.00943   7.0578020e-03
 0.02746   4.3736700e-02
 0.04549   9.8912000e-02
 0.06352   1.4664800e-01
 0.08156   1.6771000e-01
 0.09959   1.5915700e-01
 0.11762   1.3081100e-01
 0.13566   9.5795000e-02
 0.15369   6.3779000e-02
 0.17172   3.9214400e-02
 0.18975   2.2544100e-02
 0.20779   1.2248500e-02
 0.22582   6.3490900e-03
 0.24385   3.1671200e-03
 0.26189   1.5320200e-03
 0.27992   7.2376000e-04
 0.29795   3.3610400e-04
 0.31598   1.5425400e-04
 0.33402   7.0287000e-05
 0.35205   3.1907300e-05
 0.37008   1.4467300e-05
 0.38811   6.5689100e-06
 0.40615   2.9914100e-06
 0.42418   1.3678000e-06
 0.44221   6.2847400e-07
 0.46025   2.9021800e-07
 0.47828   1.3474700e-07
 0.49631   7.7140000e-09
