# 1) Radius of the zone in units of one solar radius
# 2) Fraction of pep neutrinos produced in the zone
 0.00041    6.080e-07
 0.00082    1.768e-06
 0.00123    2.931e-06
 0.00164    4.530e-06
 0.00205    6.757e-06
 0.00246    9.428e-06
 0.00287    1.254e-05
 0.00328    1.610e-05
 0.00369    2.010e-05
 0.00410    2.454e-05
 0.00451    2.942e-05
 0.00492    3.474e-05
 0.00533    4.050e-05
 0.00574    4.669e-05
 0.00615    5.332e-05
 0.00656    6.038e-05
 0.00697    6.787e-05
 0.00738    7.580e-05
 0.00779    8.415e-05
 0.00820    9.293e-05
 0.00861    1.021e-04
 0.00902    1.118e-04
 0.00943    1.218e-04
 0.00984    1.323e-04
 0.01025    1.432e-04
 0.01066    1.544e-04
 0.01107    1.661e-04
 0.01148    1.783e-04
 0.01189    1.908e-04
 0.01230    2.037e-04
 0.01270    2.170e-04
 0.01311    2.307e-04
 0.01352    2.448e-04
 0.01393    2.593e-04
 0.01434    2.742e-04
 0.01475    2.894e-04
 0.01516    3.051e-04
 0.01557    3.211e-04
 0.01598    3.375e-04
 0.01639    3.542e-04
 0.01680    3.713e-04
 0.01721    3.888e-04
 0.01762    4.066e-04
 0.01803    4.248e-04
 0.01844    4.434e-04
 0.01885    4.622e-04
 0.01926    4.814e-04
 0.01967    5.010e-04
 0.02008    5.208e-04
 0.02049    5.410e-04
 0.02090    5.615e-04
 0.02131    5.824e-04
 0.02172    6.035e-04
 0.02213    6.249e-04
 0.02254    6.466e-04
 0.02295    6.687e-04
 0.02336    6.910e-04
 0.02377    7.136e-04
 0.02418    7.364e-04
 0.02459    7.596e-04
 0.02500    7.830e-04
 0.02541    8.066e-04
 0.02582    8.306e-04
 0.02623    8.547e-04
 0.02664    8.791e-04
 0.02705    9.038e-04
 0.02746    9.286e-04
 0.02787    9.537e-04
 0.02828    9.790e-04
 0.02869    1.005e-03
 0.02910    1.030e-03
 0.02951    1.056e-03
 0.02992    1.082e-03
 0.03033    1.109e-03
 0.03074    1.135e-03
 0.03115    1.162e-03
 0.03156    1.189e-03
 0.03197    1.216e-03
 0.03238    1.243e-03
 0.03279    1.270e-03
 0.03320    1.297e-03
 0.03361    1.325e-03
 0.03402    1.353e-03
 0.03443    1.380e-03
 0.03484    1.408e-03
 0.03525    1.436e-03
 0.03566    1.464e-03
 0.03607    1.493e-03
 0.03648    1.521e-03
 0.03689    1.549e-03
 0.03730    1.578e-03
 0.03770    1.606e-03
 0.03811    1.634e-03
 0.03852    1.663e-03
 0.03893    1.692e-03
 0.03934    1.720e-03
 0.03975    1.749e-03
 0.04016    1.778e-03
 0.04057    1.807e-03
 0.04098    1.835e-03
 0.04139    1.864e-03
 0.04180    1.893e-03
 0.04221    1.921e-03
 0.04262    1.950e-03
 0.04303    1.979e-03
 0.04344    2.007e-03
 0.04385    2.036e-03
 0.04426    2.064e-03
 0.04467    2.093e-03
 0.04508    2.121e-03
 0.04549    2.149e-03
 0.04590    2.178e-03
 0.04631    2.206e-03
 0.04672    2.234e-03
 0.04713    2.262e-03
 0.04754    2.290e-03
 0.04795    2.317e-03
 0.04836    2.345e-03
 0.04877    2.372e-03
 0.04918    2.400e-03
 0.04959    2.427e-03
 0.05000    2.454e-03
 0.05041    2.481e-03
 0.05082    2.508e-03
 0.05123    2.534e-03
 0.05164    2.561e-03
 0.05205    2.587e-03
 0.05246    2.613e-03
 0.05287    2.639e-03
 0.05328    2.664e-03
 0.05369    2.690e-03
 0.05410    2.715e-03
 0.05451    2.741e-03
 0.05492    2.765e-03
 0.05533    2.790e-03
 0.05574    2.814e-03
 0.05615    2.838e-03
 0.05656    2.863e-03
 0.05697    2.886e-03
 0.05738    2.910e-03
 0.05779    2.933e-03
 0.05820    2.956e-03
 0.05861    2.979e-03
 0.05902    3.001e-03
 0.05943    3.023e-03
 0.05984    3.045e-03
 0.06025    3.067e-03
 0.06066    3.088e-03
 0.06107    3.109e-03
 0.06148    3.130e-03
 0.06189    3.151e-03
 0.06230    3.171e-03
 0.06270    3.191e-03
 0.06311    3.210e-03
 0.06352    3.229e-03
 0.06393    3.249e-03
 0.06434    3.267e-03
 0.06475    3.285e-03
 0.06516    3.304e-03
 0.06557    3.321e-03
 0.06598    3.339e-03
 0.06639    3.356e-03
 0.06680    3.372e-03
 0.06721    3.389e-03
 0.06762    3.405e-03
 0.06803    3.420e-03
 0.06844    3.436e-03
 0.06885    3.451e-03
 0.06926    3.466e-03
 0.06967    3.480e-03
 0.07008    3.494e-03
 0.07049    3.508e-03
 0.07090    3.521e-03
 0.07131    3.534e-03
 0.07172    3.547e-03
 0.07213    3.559e-03
 0.07254    3.571e-03
 0.07295    3.582e-03
 0.07336    3.594e-03
 0.07377    3.604e-03
 0.07418    3.615e-03
 0.07459    3.625e-03
 0.07500    3.635e-03
 0.07541    3.644e-03
 0.07582    3.653e-03
 0.07623    3.662e-03
 0.07664    3.670e-03
 0.07705    3.678e-03
 0.07746    3.686e-03
 0.07787    3.693e-03
 0.07828    3.700e-03
 0.07869    3.707e-03
 0.07910    3.713e-03
 0.07951    3.719e-03
 0.07992    3.724e-03
 0.08033    3.730e-03
 0.08074    3.734e-03
 0.08115    3.739e-03
 0.08156    3.743e-03
 0.08197    3.747e-03
 0.08238    3.750e-03
 0.08279    3.753e-03
 0.08320    3.756e-03
 0.08361    3.758e-03
 0.08402    3.760e-03
 0.08443    3.762e-03
 0.08484    3.763e-03
 0.08525    3.764e-03
 0.08566    3.765e-03
 0.08607    3.765e-03
 0.08648    3.765e-03
 0.08689    3.765e-03
 0.08730    3.764e-03
 0.08770    3.763e-03
 0.08811    3.762e-03
 0.08852    3.760e-03
 0.08893    3.758e-03
 0.08934    3.756e-03
 0.08975    3.754e-03
 0.09016    3.751e-03
 0.09057    3.747e-03
 0.09098    3.744e-03
 0.09139    3.740e-03
 0.09180    3.736e-03
 0.09221    3.732e-03
 0.09262    3.727e-03
 0.09303    3.722e-03
 0.09344    3.717e-03
 0.09385    3.711e-03
 0.09426    3.705e-03
 0.09467    3.699e-03
 0.09508    3.693e-03
 0.09549    3.686e-03
 0.09590    3.679e-03
 0.09631    3.672e-03
 0.09672    3.665e-03
 0.09713    3.657e-03
 0.09754    3.649e-03
 0.09795    3.641e-03
 0.09836    3.632e-03
 0.09877    3.623e-03
 0.09918    3.614e-03
 0.09959    3.605e-03
 0.10000    3.596e-03
 0.10041    3.586e-03
 0.10082    3.576e-03
 0.10123    3.566e-03
 0.10164    3.555e-03
 0.10205    3.545e-03
 0.10246    3.534e-03
 0.10287    3.523e-03
 0.10328    3.512e-03
 0.10369    3.500e-03
 0.10410    3.489e-03
 0.10451    3.477e-03
 0.10492    3.465e-03
 0.10533    3.452e-03
 0.10574    3.440e-03
 0.10615    3.427e-03
 0.10656    3.414e-03
 0.10697    3.402e-03
 0.10738    3.388e-03
 0.10779    3.375e-03
 0.10820    3.361e-03
 0.10861    3.348e-03
 0.10902    3.334e-03
 0.10943    3.320e-03
 0.10984    3.306e-03
 0.11025    3.292e-03
 0.11066    3.277e-03
 0.11107    3.263e-03
 0.11148    3.248e-03
 0.11189    3.233e-03
 0.11230    3.218e-03
 0.11270    3.203e-03
 0.11311    3.188e-03
 0.11352    3.172e-03
 0.11393    3.157e-03
 0.11434    3.141e-03
 0.11475    3.126e-03
 0.11516    3.110e-03
 0.11557    3.094e-03
 0.11598    3.078e-03
 0.11639    3.062e-03
 0.11680    3.045e-03
 0.11721    3.029e-03
 0.11762    3.013e-03
 0.11803    2.996e-03
 0.11844    2.980e-03
 0.11885    2.963e-03
 0.11926    2.946e-03
 0.11967    2.929e-03
 0.12008    2.913e-03
 0.12049    2.896e-03
 0.12090    2.879e-03
 0.12131    2.862e-03
 0.12172    2.844e-03
 0.12213    2.827e-03
 0.12254    2.810e-03
 0.12295    2.793e-03
 0.12336    2.775e-03
 0.12377    2.758e-03
 0.12418    2.741e-03
 0.12459    2.723e-03
 0.12500    2.706e-03
 0.12541    2.688e-03
 0.12582    2.671e-03
 0.12623    2.653e-03
 0.12664    2.635e-03
 0.12705    2.618e-03
 0.12746    2.600e-03
 0.12787    2.583e-03
 0.12828    2.565e-03
 0.12869    2.547e-03
 0.12910    2.530e-03
 0.12951    2.512e-03
 0.12992    2.494e-03
 0.13033    2.476e-03
 0.13074    2.459e-03
 0.13115    2.441e-03
 0.13156    2.423e-03
 0.13197    2.406e-03
 0.13238    2.388e-03
 0.13279    2.370e-03
 0.13320    2.353e-03
 0.13361    2.335e-03
 0.13402    2.317e-03
 0.13443    2.300e-03
 0.13484    2.282e-03
 0.13525    2.265e-03
 0.13566    2.247e-03
 0.13607    2.230e-03
 0.13648    2.212e-03
 0.13689    2.195e-03
 0.13730    2.177e-03
 0.13770    2.160e-03
 0.13811    2.143e-03
 0.13852    2.125e-03
 0.13893    2.108e-03
 0.13934    2.091e-03
 0.13975    2.074e-03
 0.14016    2.057e-03
 0.14057    2.040e-03
 0.14098    2.023e-03
 0.14139    2.006e-03
 0.14180    1.989e-03
 0.14221    1.972e-03
 0.14262    1.955e-03
 0.14303    1.938e-03
 0.14344    1.922e-03
 0.14385    1.905e-03
 0.14426    1.888e-03
 0.14467    1.872e-03
 0.14508    1.855e-03
 0.14549    1.839e-03
 0.14590    1.823e-03
 0.14631    1.806e-03
 0.14672    1.790e-03
 0.14713    1.774e-03
 0.14754    1.758e-03
 0.14795    1.742e-03
 0.14836    1.726e-03
 0.14877    1.710e-03
 0.14918    1.695e-03
 0.14959    1.679e-03
 0.15000    1.663e-03
 0.15041    1.648e-03
 0.15082    1.632e-03
 0.15123    1.617e-03
 0.15164    1.602e-03
 0.15205    1.586e-03
 0.15246    1.571e-03
 0.15287    1.556e-03
 0.15328    1.541e-03
 0.15369    1.526e-03
 0.15410    1.511e-03
 0.15451    1.497e-03
 0.15492    1.482e-03
 0.15533    1.467e-03
 0.15574    1.453e-03
 0.15615    1.439e-03
 0.15656    1.424e-03
 0.15697    1.410e-03
 0.15738    1.396e-03
 0.15779    1.382e-03
 0.15820    1.368e-03
 0.15861    1.354e-03
 0.15902    1.340e-03
 0.15943    1.327e-03
 0.15984    1.313e-03
 0.16025    1.299e-03
 0.16066    1.286e-03
 0.16107    1.273e-03
 0.16148    1.259e-03
 0.16189    1.246e-03
 0.16230    1.233e-03
 0.16270    1.220e-03
 0.16311    1.207e-03
 0.16352    1.195e-03
 0.16393    1.182e-03
 0.16434    1.169e-03
 0.16475    1.157e-03
 0.16516    1.144e-03
 0.16557    1.132e-03
 0.16598    1.120e-03
 0.16639    1.108e-03
 0.16680    1.096e-03
 0.16721    1.084e-03
 0.16762    1.072e-03
 0.16803    1.060e-03
 0.16844    1.048e-03
 0.16885    1.037e-03
 0.16926    1.025e-03
 0.16967    1.014e-03
 0.17008    1.003e-03
 0.17049    9.914e-04
 0.17090    9.803e-04
 0.17131    9.692e-04
 0.17172    9.583e-04
 0.17213    9.474e-04
 0.17254    9.367e-04
 0.17295    9.260e-04
 0.17336    9.154e-04
 0.17377    9.050e-04
 0.17418    8.946e-04
 0.17459    8.842e-04
 0.17500    8.741e-04
 0.17541    8.639e-04
 0.17582    8.539e-04
 0.17623    8.439e-04
 0.17664    8.340e-04
 0.17705    8.243e-04
 0.17746    8.146e-04
 0.17787    8.050e-04
 0.17828    7.955e-04
 0.17869    7.861e-04
 0.17910    7.767e-04
 0.17951    7.675e-04
 0.17992    7.583e-04
 0.18033    7.493e-04
 0.18074    7.403e-04
 0.18115    7.313e-04
 0.18156    7.225e-04
 0.18197    7.138e-04
 0.18238    7.051e-04
 0.18279    6.966e-04
 0.18320    6.881e-04
 0.18361    6.796e-04
 0.18402    6.714e-04
 0.18443    6.631e-04
 0.18484    6.549e-04
 0.18525    6.469e-04
 0.18566    6.388e-04
 0.18607    6.309e-04
 0.18648    6.231e-04
 0.18689    6.153e-04
 0.18730    6.077e-04
 0.18770    6.000e-04
 0.18811    5.925e-04
 0.18852    5.851e-04
 0.18893    5.777e-04
 0.18934    5.704e-04
 0.18975    5.632e-04
 0.19016    5.560e-04
 0.19057    5.490e-04
 0.19098    5.420e-04
 0.19139    5.350e-04
 0.19180    5.282e-04
 0.19221    5.214e-04
 0.19262    5.147e-04
 0.19303    5.081e-04
 0.19344    5.015e-04
 0.19385    4.951e-04
 0.19426    4.886e-04
 0.19467    4.823e-04
 0.19508    4.760e-04
 0.19549    4.698e-04
 0.19590    4.637e-04
 0.19631    4.576e-04
 0.19672    4.516e-04
 0.19713    4.456e-04
 0.19754    4.398e-04
 0.19795    4.339e-04
 0.19836    4.282e-04
 0.19877    4.225e-04
 0.19918    4.169e-04
 0.19959    4.114e-04
 0.20000    4.059e-04
 0.20041    4.005e-04
 0.20082    3.951e-04
 0.20123    3.898e-04
 0.20164    3.846e-04
 0.20205    3.794e-04
 0.20246    3.742e-04
 0.20287    3.692e-04
 0.20328    3.642e-04
 0.20369    3.592e-04
 0.20410    3.544e-04
 0.20451    3.495e-04
 0.20492    3.448e-04
 0.20533    3.401e-04
 0.20574    3.354e-04
 0.20615    3.308e-04
 0.20656    3.263e-04
 0.20697    3.218e-04
 0.20738    3.173e-04
 0.20779    3.130e-04
 0.20820    3.086e-04
 0.20861    3.044e-04
 0.20902    3.001e-04
 0.20943    2.960e-04
 0.20984    2.918e-04
 0.21025    2.878e-04
 0.21066    2.838e-04
 0.21107    2.798e-04
 0.21148    2.759e-04
 0.21189    2.720e-04
 0.21230    2.682e-04
 0.21270    2.644e-04
 0.21311    2.607e-04
 0.21352    2.570e-04
 0.21393    2.533e-04
 0.21434    2.497e-04
 0.21475    2.462e-04
 0.21516    2.427e-04
 0.21557    2.392e-04
 0.21598    2.358e-04
 0.21639    2.325e-04
 0.21680    2.291e-04
 0.21721    2.258e-04
 0.21762    2.226e-04
 0.21803    2.194e-04
 0.21844    2.163e-04
 0.21885    2.131e-04
 0.21926    2.100e-04
 0.21967    2.070e-04
 0.22008    2.040e-04
 0.22049    2.011e-04
 0.22090    1.981e-04
 0.22131    1.953e-04
 0.22172    1.924e-04
 0.22213    1.896e-04
 0.22254    1.868e-04
 0.22295    1.841e-04
 0.22336    1.814e-04
 0.22377    1.787e-04
 0.22418    1.761e-04
 0.22459    1.735e-04
 0.22500    1.710e-04
 0.22541    1.685e-04
 0.22582    1.660e-04
 0.22623    1.635e-04
 0.22664    1.611e-04
 0.22705    1.587e-04
 0.22746    1.564e-04
 0.22787    1.540e-04
 0.22828    1.517e-04
 0.22869    1.495e-04
 0.22910    1.472e-04
 0.22951    1.451e-04
 0.22992    1.429e-04
 0.23033    1.407e-04
 0.23074    1.386e-04
 0.23115    1.366e-04
 0.23156    1.345e-04
 0.23197    1.325e-04
 0.23238    1.305e-04
 0.23279    1.285e-04
 0.23320    1.266e-04
 0.23361    1.247e-04
 0.23402    1.228e-04
 0.23443    1.209e-04
 0.23484    1.191e-04
 0.23525    1.173e-04
 0.23566    1.155e-04
 0.23607    1.137e-04
 0.23648    1.120e-04
 0.23689    1.103e-04
 0.23730    1.086e-04
 0.23770    1.069e-04
 0.23811    1.053e-04
 0.23852    1.037e-04
 0.23893    1.021e-04
 0.23934    1.005e-04
 0.23975    9.899e-05
 0.24016    9.746e-05
 0.24057    9.597e-05
 0.24098    9.448e-05
 0.24139    9.302e-05
 0.24180    9.158e-05
 0.24221    9.017e-05
 0.24262    8.877e-05
 0.24303    8.739e-05
 0.24344    8.604e-05
 0.24385    8.469e-05
 0.24426    8.338e-05
 0.24467    8.208e-05
 0.24508    8.080e-05
 0.24549    7.954e-05
 0.24590    7.830e-05
 0.24631    7.708e-05
 0.24672    7.587e-05
 0.24713    7.468e-05
 0.24754    7.352e-05
 0.24795    7.236e-05
 0.24836    7.122e-05
 0.24877    7.010e-05
 0.24918    6.899e-05
 0.24959    6.791e-05
 0.25000    6.684e-05
 0.25041    6.578e-05
 0.25082    6.474e-05
 0.25123    6.372e-05
 0.25164    6.271e-05
 0.25205    6.172e-05
 0.25246    6.074e-05
 0.25287    5.978e-05
 0.25328    5.882e-05
 0.25369    5.789e-05
 0.25410    5.697e-05
 0.25451    5.607e-05
 0.25492    5.517e-05
 0.25533    5.429e-05
 0.25574    5.342e-05
 0.25615    5.257e-05
 0.25656    5.173e-05
 0.25697    5.090e-05
 0.25738    5.009e-05
 0.25779    4.928e-05
 0.25820    4.849e-05
 0.25861    4.771e-05
 0.25902    4.695e-05
 0.25943    4.619e-05
 0.25984    4.545e-05
 0.26025    4.472e-05
 0.26066    4.400e-05
 0.26107    4.329e-05
 0.26148    4.259e-05
 0.26189    4.190e-05
 0.26230    4.122e-05
 0.26270    4.056e-05
 0.26311    3.990e-05
 0.26352    3.925e-05
 0.26393    3.861e-05
 0.26434    3.798e-05
 0.26475    3.737e-05
 0.26516    3.676e-05
 0.26557    3.617e-05
 0.26598    3.558e-05
 0.26639    3.499e-05
 0.26680    3.443e-05
 0.26721    3.386e-05
 0.26762    3.331e-05
 0.26803    3.277e-05
 0.26844    3.223e-05
 0.26885    3.170e-05
 0.26926    3.119e-05
 0.26967    3.068e-05
 0.27008    3.017e-05
 0.27049    2.968e-05
 0.27090    2.919e-05
 0.27131    2.871e-05
 0.27172    2.824e-05
 0.27213    2.778e-05
 0.27254    2.732e-05
 0.27295    2.687e-05
 0.27336    2.642e-05
 0.27377    2.599e-05
 0.27418    2.556e-05
 0.27459    2.514e-05
 0.27500    2.472e-05
 0.27541    2.431e-05
 0.27582    2.391e-05
 0.27623    2.352e-05
 0.27664    2.313e-05
 0.27705    2.275e-05
 0.27746    2.237e-05
 0.27787    2.200e-05
 0.27828    2.163e-05
 0.27869    2.127e-05
 0.27910    2.092e-05
 0.27951    2.057e-05
 0.27992    2.023e-05
 0.28033    1.989e-05
 0.28074    1.956e-05
 0.28115    1.924e-05
 0.28156    1.892e-05
 0.28197    1.860e-05
 0.28238    1.829e-05
 0.28279    1.798e-05
 0.28320    1.768e-05
 0.28361    1.739e-05
 0.28402    1.710e-05
 0.28443    1.681e-05
 0.28484    1.653e-05
 0.28525    1.625e-05
 0.28566    1.598e-05
 0.28607    1.571e-05
 0.28648    1.545e-05
 0.28689    1.519e-05
 0.28730    1.494e-05
 0.28770    1.468e-05
 0.28811    1.444e-05
 0.28852    1.420e-05
 0.28893    1.396e-05
 0.28934    1.372e-05
 0.28975    1.349e-05
 0.29016    1.327e-05
 0.29057    1.304e-05
 0.29098    1.282e-05
 0.29139    1.261e-05
 0.29180    1.239e-05
 0.29221    1.218e-05
 0.29262    1.198e-05
 0.29303    1.177e-05
 0.29344    1.158e-05
 0.29385    1.138e-05
 0.29426    1.119e-05
 0.29467    1.100e-05
 0.29508    1.081e-05
 0.29549    1.063e-05
 0.29590    1.045e-05
 0.29631    1.027e-05
 0.29672    1.010e-05
 0.29713    9.927e-06
 0.29754    9.758e-06
 0.29795    9.592e-06
 0.29836    9.431e-06
 0.29877    9.271e-06
 0.29918    9.114e-06
 0.29959    8.959e-06
 0.30000    8.806e-06
 0.30041    8.657e-06
 0.30082    8.509e-06
 0.30123    8.364e-06
 0.30164    8.221e-06
 0.30205    8.081e-06
 0.30246    7.942e-06
 0.30287    7.808e-06
 0.30328    7.675e-06
 0.30369    7.545e-06
 0.30410    7.416e-06
 0.30451    7.289e-06
 0.30492    7.165e-06
 0.30533    7.043e-06
 0.30574    6.923e-06
 0.30615    6.804e-06
 0.30656    6.687e-06
 0.30697    6.573e-06
 0.30738    6.460e-06
 0.30779    6.350e-06
 0.30820    6.241e-06
 0.30861    6.135e-06
 0.30902    6.030e-06
 0.30943    5.927e-06
 0.30984    5.825e-06
 0.31025    5.725e-06
 0.31066    5.627e-06
 0.31107    5.530e-06
 0.31148    5.436e-06
 0.31189    5.342e-06
 0.31230    5.250e-06
 0.31270    5.160e-06
 0.31311    5.072e-06
 0.31352    4.984e-06
 0.31393    4.899e-06
 0.31434    4.815e-06
 0.31475    4.732e-06
 0.31516    4.651e-06
 0.31557    4.571e-06
 0.31598    4.492e-06
 0.31639    4.415e-06
 0.31680    4.339e-06
 0.31721    4.264e-06
 0.31762    4.191e-06
 0.31803    4.118e-06
 0.31844    4.048e-06
 0.31885    3.978e-06
 0.31926    3.910e-06
 0.31967    3.842e-06
 0.32008    3.776e-06
 0.32049    3.711e-06
 0.32090    3.646e-06
 0.32131    3.584e-06
 0.32172    3.522e-06
 0.32213    3.461e-06
 0.32254    3.401e-06
 0.32295    3.343e-06
 0.32336    3.285e-06
 0.32377    3.228e-06
 0.32418    3.172e-06
 0.32459    3.117e-06
 0.32500    3.064e-06
 0.32541    3.011e-06
 0.32582    2.959e-06
 0.32623    2.908e-06
 0.32664    2.857e-06
 0.32705    2.808e-06
 0.32746    2.759e-06
 0.32787    2.712e-06
 0.32828    2.665e-06
 0.32869    2.619e-06
 0.32910    2.573e-06
 0.32951    2.529e-06
 0.32992    2.485e-06
 0.33033    2.442e-06
 0.33074    2.400e-06
 0.33115    2.358e-06
 0.33156    2.317e-06
 0.33197    2.277e-06
 0.33238    2.238e-06
 0.33279    2.199e-06
 0.33320    2.161e-06
 0.33361    2.123e-06
 0.33402    2.086e-06
 0.33443    2.050e-06
 0.33484    2.014e-06
 0.33525    1.980e-06
 0.33566    1.945e-06
 0.33607    1.912e-06
 0.33648    1.879e-06
 0.33689    1.846e-06
 0.33730    1.814e-06
 0.33770    1.782e-06
 0.33811    1.751e-06
 0.33852    1.721e-06
 0.33893    1.691e-06
 0.33934    1.662e-06
 0.33975    1.633e-06
 0.34016    1.605e-06
 0.34057    1.577e-06
 0.34098    1.550e-06
 0.34139    1.523e-06
 0.34180    1.496e-06
 0.34221    1.470e-06
 0.34262    1.444e-06
 0.34303    1.419e-06
 0.34344    1.395e-06
 0.34385    1.370e-06
 0.34426    1.346e-06
 0.34467    1.323e-06
 0.34508    1.300e-06
 0.34549    1.278e-06
 0.34590    1.256e-06
 0.34631    1.234e-06
 0.34672    1.212e-06
 0.34713    1.191e-06
 0.34754    1.170e-06
 0.34795    1.150e-06
 0.34836    1.130e-06
 0.34877    1.110e-06
 0.34918    1.091e-06
 0.34959    1.072e-06
 0.35000    1.053e-06
 0.35041    1.035e-06
 0.35082    1.017e-06
 0.35123    9.991e-07
 0.35164    9.819e-07
 0.35205    9.649e-07
 0.35246    9.481e-07
 0.35287    9.316e-07
 0.35328    9.154e-07
 0.35369    8.994e-07
 0.35410    8.838e-07
 0.35451    8.684e-07
 0.35492    8.532e-07
 0.35533    8.383e-07
 0.35574    8.236e-07
 0.35615    8.091e-07
 0.35656    7.948e-07
 0.35697    7.811e-07
 0.35738    7.676e-07
 0.35779    7.543e-07
 0.35820    7.412e-07
 0.35861    7.284e-07
 0.35902    7.158e-07
 0.35943    7.034e-07
 0.35984    6.911e-07
 0.36025    6.790e-07
 0.36066    6.672e-07
 0.36107    6.556e-07
 0.36148    6.441e-07
 0.36189    6.329e-07
 0.36230    6.218e-07
 0.36270    6.108e-07
 0.36311    5.999e-07
 0.36352    5.896e-07
 0.36393    5.794e-07
 0.36434    5.694e-07
 0.36475    5.595e-07
 0.36516    5.498e-07
 0.36557    5.402e-07
 0.36598    5.309e-07
 0.36639    5.216e-07
 0.36680    5.125e-07
 0.36721    5.036e-07
 0.36762    4.948e-07
 0.36803    4.862e-07
 0.36844    4.777e-07
 0.36885    4.693e-07
 0.36926    4.611e-07
 0.36967    4.531e-07
 0.37008    4.451e-07
 0.37049    4.374e-07
 0.37090    4.298e-07
 0.37131    4.223e-07
 0.37172    4.150e-07
 0.37213    4.077e-07
 0.37254    4.006e-07
 0.37295    3.936e-07
 0.37336    3.868e-07
 0.37377    3.799e-07
 0.37418    3.734e-07
 0.37459    3.669e-07
 0.37500    3.605e-07
 0.37541    3.543e-07
 0.37582    3.481e-07
 0.37623    3.420e-07
 0.37664    3.361e-07
 0.37705    3.302e-07
 0.37746    3.243e-07
 0.37787    3.187e-07
 0.37828    3.132e-07
 0.37869    3.078e-07
 0.37910    3.025e-07
 0.37951    2.972e-07
 0.37992    2.921e-07
 0.38033    2.870e-07
 0.38074    2.820e-07
 0.38115    2.771e-07
 0.38156    2.723e-07
 0.38197    2.675e-07
 0.38238    2.629e-07
 0.38279    2.583e-07
 0.38320    2.538e-07
 0.38361    2.493e-07
 0.38402    2.449e-07
 0.38443    2.407e-07
 0.38484    2.365e-07
 0.38525    2.324e-07
 0.38566    2.284e-07
 0.38607    2.244e-07
 0.38648    2.205e-07
 0.38689    2.167e-07
 0.38730    2.129e-07
 0.38770    2.092e-07
 0.38811    2.056e-07
 0.38852    2.020e-07
 0.38893    1.985e-07
 0.38934    1.950e-07
 0.38975    1.916e-07
 0.39016    1.883e-07
 0.39057    1.850e-07
 0.39098    1.818e-07
 0.39139    1.786e-07
 0.39180    1.756e-07
 0.39221    1.725e-07
 0.39262    1.695e-07
 0.39303    1.666e-07
 0.39344    1.637e-07
 0.39385    1.608e-07
 0.39426    1.580e-07
 0.39467    1.553e-07
 0.39508    1.526e-07
 0.39549    1.499e-07
 0.39590    1.473e-07
 0.39631    1.448e-07
 0.39672    1.422e-07
 0.39713    1.398e-07
 0.39754    1.373e-07
 0.39795    1.350e-07
 0.39836    1.326e-07
 0.39877    1.303e-07
 0.39918    1.281e-07
 0.39959    1.258e-07
 0.40000    1.237e-07
 0.40041    1.215e-07
 0.40082    1.194e-07
 0.40123    1.173e-07
 0.40164    1.153e-07
 0.40205    1.133e-07
 0.40246    1.113e-07
 0.40287    1.094e-07
 0.40328    1.075e-07
 0.40369    1.056e-07
 0.40410    1.038e-07
 0.40451    1.020e-07
 0.40492    1.002e-07
 0.40533    9.851e-08
 0.40574    9.680e-08
 0.40615    9.511e-08
 0.40656    9.346e-08
 0.40697    9.185e-08
 0.40738    9.026e-08
 0.40779    8.871e-08
 0.40820    8.717e-08
 0.40861    8.567e-08
 0.40902    8.418e-08
 0.40943    8.272e-08
 0.40984    8.129e-08
 0.41025    7.987e-08
 0.41066    7.848e-08
 0.41107    7.713e-08
 0.41148    7.580e-08
 0.41189    7.450e-08
 0.41230    7.321e-08
 0.41270    7.195e-08
 0.41311    7.070e-08
 0.41352    6.948e-08
 0.41393    6.827e-08
 0.41434    6.709e-08
 0.41475    6.592e-08
 0.41516    6.478e-08
 0.41557    6.367e-08
 0.41598    6.257e-08
 0.41639    6.149e-08
 0.41680    6.043e-08
 0.41721    5.939e-08
 0.41762    5.836e-08
 0.41803    5.736e-08
 0.41844    5.636e-08
 0.41885    5.538e-08
 0.41926    5.443e-08
 0.41967    5.349e-08
 0.42008    5.257e-08
 0.42049    5.166e-08
 0.42090    5.077e-08
 0.42131    4.990e-08
 0.42172    4.904e-08
 0.42213    4.818e-08
 0.42254    4.735e-08
 0.42295    4.654e-08
 0.42336    4.574e-08
 0.42377    4.495e-08
 0.42418    4.418e-08
 0.42459    4.342e-08
 0.42500    4.266e-08
 0.42541    4.192e-08
 0.42582    4.120e-08
 0.42623    4.049e-08
 0.42664    3.980e-08
 0.42705    3.912e-08
 0.42746    3.844e-08
 0.42787    3.778e-08
 0.42828    3.713e-08
 0.42869    3.649e-08
 0.42910    3.587e-08
 0.42951    3.525e-08
 0.42992    3.463e-08
 0.43033    3.404e-08
 0.43074    3.346e-08
 0.43115    3.288e-08
 0.43156    3.232e-08
 0.43197    3.176e-08
 0.43238    3.122e-08
 0.43279    3.068e-08
 0.43320    3.015e-08
 0.43361    2.963e-08
 0.43402    2.912e-08
 0.43443    2.862e-08
 0.43484    2.813e-08
 0.43525    2.765e-08
 0.43566    2.718e-08
 0.43607    2.671e-08
 0.43648    2.625e-08
 0.43689    2.580e-08
 0.43730    2.536e-08
 0.43770    2.492e-08
 0.43811    2.449e-08
 0.43852    2.407e-08
 0.43893    2.366e-08
 0.43934    2.325e-08
 0.43975    2.286e-08
 0.44016    2.247e-08
 0.44057    2.208e-08
 0.44098    2.170e-08
 0.44139    2.133e-08
 0.44180    2.096e-08
 0.44221    2.060e-08
 0.44262    2.025e-08
 0.44303    1.990e-08
 0.44344    1.957e-08
 0.44385    1.923e-08
 0.44426    1.890e-08
 0.44467    1.858e-08
 0.44508    1.826e-08
 0.44549    1.793e-08
 0.44590    1.763e-08
 0.44631    1.733e-08
 0.44672    1.704e-08
 0.44713    1.675e-08
 0.44754    1.646e-08
 0.44795    1.618e-08
 0.44836    1.591e-08
 0.44877    1.564e-08
 0.44918    1.537e-08
 0.44959    1.511e-08
 0.45000    1.485e-08
 0.45041    1.460e-08
 0.45082    1.435e-08
 0.45123    1.410e-08
 0.45164    1.386e-08
 0.45205    1.362e-08
 0.45246    1.339e-08
 0.45287    1.316e-08
 0.45328    1.293e-08
 0.45369    1.271e-08
 0.45410    1.249e-08
 0.45451    1.228e-08
 0.45492    1.207e-08
 0.45533    1.187e-08
 0.45574    1.167e-08
 0.45615    1.147e-08
 0.45656    1.127e-08
 0.45697    1.108e-08
 0.45738    1.089e-08
 0.45779    1.070e-08
 0.45820    1.052e-08
 0.45861    1.034e-08
 0.45902    1.017e-08
 0.45943    9.994e-09
 0.45984    9.824e-09
 0.46025    9.657e-09
 0.46066    9.490e-09
 0.46107    9.329e-09
 0.46148    9.171e-09
 0.46189    9.015e-09
 0.46230    8.862e-09
 0.46270    8.712e-09
 0.46311    8.563e-09
 0.46352    8.418e-09
 0.46393    8.275e-09
 0.46434    8.134e-09
 0.46475    7.994e-09
 0.46516    7.858e-09
 0.46557    7.726e-09
 0.46598    7.595e-09
 0.46639    7.467e-09
 0.46680    7.340e-09
 0.46721    7.215e-09
 0.46762    7.092e-09
 0.46803    6.972e-09
 0.46844    6.853e-09
 0.46885    6.736e-09
 0.46926    6.622e-09
 0.46967    6.510e-09
 0.47008    6.400e-09
 0.47049    6.292e-09
 0.47090    6.186e-09
 0.47131    6.081e-09
 0.47172    5.977e-09
 0.47213    5.876e-09
 0.47254    5.776e-09
 0.47295    5.677e-09
 0.47336    5.581e-09
 0.47377    5.487e-09
 0.47418    5.395e-09
 0.47459    5.304e-09
 0.47500    5.214e-09
 0.47541    5.126e-09
 0.47582    5.040e-09
 0.47623    4.954e-09
 0.47664    4.870e-09
 0.47705    4.784e-09
 0.47746    4.704e-09
 0.47787    4.625e-09
 0.47828    4.548e-09
 0.47869    4.471e-09
 0.47910    4.397e-09
 0.47951    4.323e-09
 0.47992    4.250e-09
 0.48033    4.178e-09
 0.48074    4.108e-09
 0.48115    4.039e-09
 0.48156    3.971e-09
 0.48197    3.903e-09
 0.48238    3.837e-09
 0.48279    3.773e-09
 0.48320    3.708e-09
 0.48361    3.646e-09
 0.48402    3.584e-09
 0.48443    3.523e-09
 0.48484    3.462e-09
 0.48525    3.404e-09
 0.48566    3.347e-09
 0.48607    3.291e-09
 0.48648    3.236e-09
 0.48689    3.181e-09
 0.48730    3.128e-09
 0.48770    3.075e-09
 0.48811    3.023e-09
 0.48852    2.972e-09
 0.48893    2.922e-09
 0.48934    2.873e-09
 0.48975    2.824e-09
 0.49016    2.776e-09
 0.49057    2.730e-09
 0.49098    2.684e-09
 0.49139    2.639e-09
 0.49180    2.594e-09
 0.49221    2.550e-09
 0.49262    2.508e-09
 0.49303    2.465e-09
 0.49344    2.424e-09
 0.49385    2.383e-09
 0.49426    2.343e-09
 0.49467    2.304e-09
 0.49508    2.265e-09
 0.49549    2.227e-09
 0.49590    2.190e-09
 0.49631    2.152e-09
 0.49672    2.116e-09
 0.49713    2.081e-09
 0.49754    2.046e-09
 0.49795    2.012e-09
 0.49836    1.978e-09
 0.49877    1.945e-09
 0.49918    1.912e-09
 0.49959    1.879e-09
