 0.00943   4.5166992e-03
 0.02746   2.8922300e-02
 0.04549   6.9394000e-02
 0.06352   1.1145300e-01
 0.08156   1.4016200e-01
 0.09959   1.4788500e-01
 0.11762   1.3630700e-01
 0.13566   1.1281500e-01
 0.15369   8.5556000e-02
 0.17172   6.0412000e-02
 0.18975   4.0228500e-02
 0.20779   2.5527300e-02
 0.22582   1.5576600e-02
 0.24385   9.2101000e-03
 0.26189   5.3116500e-03
 0.27992   3.0062800e-03
 0.29795   1.6788300e-03
 0.31598   9.2873000e-04
 0.33402   5.1060000e-04
 0.35205   2.7969700e-04
 0.37008   1.5297000e-04
 0.38811   8.3661000e-05
 0.40615   4.5801800e-05
 0.42418   2.5120400e-05
 0.44221   1.3808500e-05
 0.46025   7.6093000e-06
 0.47828   4.2032000e-06
 0.49631   2.6671000e-07
