0 0 0 0
0.01 0.0444925 0 0.0252375
0.02 0.0579779 0 0.0235865
0.03 0.0672753 0 0.0175749
0.04 0.0762194 0 0.013077
0.05 0.0844333 0 0.0123366
0.06 0.0922395 0 0.0137823
0.07 0.0997233 0 0.0150459
0.08 0.106962 0 0.0151447
0.09 0.114005 0 0.0146707
0.1 0.120888 0 0.0149265
0.11 0.127638 0 0.0169639
0.12 0.134276 0 0.0212086
0.13 0.140815 0 0.0276842
0.14 0.147268 0 0.036393
0.15 0.153646 0 0.0475288
0.16 0.159955 0 0.0614795
0.17 0.166201 0 0.0787287
0.18 0.17239 0 0.0997592
0.19 0.178524 0 0.125016
0.2 0.184607 0 0.154926
0.21 0.190641 0 0.189937
0.22 0.19663 0 0.230531
0.23 0.202573 0 0.277218
0.24 0.208472 0 0.330514
0.25 0.214328 0 0.39094
0.26 0.22014 0 0.459079
0.27 0.225911 0 0.535679
0.28 0.23164 0 0.621799
0.29 0.237327 0 0.718915
0.3 0.242971 0 0.828979
0.31 0.248574 0 0.95436
0.32 0.254133 0 1.09773
0.33 0.25965 0 1.26186
0.34 0.265124 0 1.44942
0.35 0.270551 0 1.66284
0.36 0.275936 0 1.9042
0.37 0.281273 0 2.17514
0.38 0.286565 0 2.47689
0.39 0.291808 0 2.81027
0.4 0.297 0 3.17573
0.41 0.302142 0 3.57342
0.42 0.30723 0 4.00339
0.43 0.312262 0 4.46562
0.44 0.317237 0 4.96022
0.45 0.322151 0 5.48747
0.46 0.327 0 6.04783
0.47 0.331786 0 6.64187
0.48 0.336503 0 7.2701
0.49 0.341151 0 7.93284
0.5 0.345728 0 8.62994
0.51 0.350236 0 9.36092
0.52 0.354672 0 10.1245
0.53 0.359039 0 10.919
0.54 0.363335 0 11.7423
0.55 0.367564 0 12.5917
0.56 0.371727 0 13.4648
0.57 0.375824 0 14.3589
0.58 0.379857 0 15.2714
0.59 0.383828 0 16.2
0.6 0.387735 0 17.1427
0.61 0.39158 0 18.0975
0.62 0.395364 0 19.0629
0.63 0.399087 0 20.0372
0.64 0.402747 0 21.019
0.65 0.406349 0 22.0069
0.66 0.409888 0 22.9996
0.67 0.413366 0 23.9959
0.68 0.416784 0 24.9946
0.69 0.420141 0 25.9945
0.7 0.423437 0 26.9948
0.71 0.426671 0 27.9944
0.72 0.429845 0 28.9926
0.73 0.432958 0 29.9888
0.74 0.43601 0 30.982
0.75 0.439001 0 31.9717
0.76 0.44193 0 32.9571
0.77 0.444799 0 33.9375
0.78 0.447608 0 34.9124
0.79 0.450355 0 35.8809
0.8 0.453043 0 36.8427
0.81 0.455669 0 37.7972
0.82 0.458235 0 38.7442
0.83 0.46074 0 39.6837
0.84 0.463186 0 40.616
0.85 0.465572 0 41.5416
0.86 0.467897 0 42.4615
0.87 0.470163 0 43.3767
0.88 0.47237 0 44.2889
0.89 0.474516 1.62943e-11 45.1996
0.9 0.476604 291.203 46.1107
0.91 0.478633 582.405 47.0239
0.92 0.480602 567.53 47.9405
0.93 0.482513 552.654 48.8618
0.94 0.484366 533.345 49.7879
0.95 0.48616 514.036 50.7183
0.96 0.487895 492.585 51.6514
0.97 0.489573 471.133 52.5845
0.98 0.491193 448.018 53.5136
0.99 0.492755 424.902 54.4333
1 0.49426 403.272 55.3375
1.01 0.495709 381.643 56.2191
1.02 0.4971 360.848 57.0706
1.03 0.498434 340.053 57.884
1.04 0.499712 321.289 58.6521
1.05 0.500934 302.526 59.3679
1.06 0.5021 282.211 60.0257
1.07 0.50321 261.896 60.6209
1.08 0.504265 245.254 61.1504
1.09 0.505264 228.612 61.6127
1.1 0.506209 212.402 62.0077
1.11 0.5071 196.192 62.3368
1.12 0.507936 182.956 62.6024
1.13 0.508716 169.719 62.8078
1.14 0.509445 156.483 62.9572
1.15 0.510119 143.247 63.0551
1.16 0.510741 132.026 63.1056
1.17 0.511309 120.806 63.1133
1.18 0.511827 110.319 63.0821
1.19 0.512291 99.8325 63.0156
1.2 0.512703 91.3737 62.9169
1.21 0.513064 82.9149 62.7885
1.22 0.513376 74.5743 62.6323
1.23 0.513635 66.2338 62.4499
1.24 0.513845 59.7039 62.2424
1.25 0.514005 53.1741 62.0104
1.26 0.514117 47.9432 61.7546
1.27 0.51418 42.7122 61.4751
1.28 0.514194 37.9172 61.1722
1.29 0.514161 33.1222 60.8462
1.3 0.51408 29.529 60.4973
1.31 0.513953 25.9358 60.1258
1.32 0.51378 23.1086 59.7323
1.33 0.513561 20.2813 59.3174
1.34 0.513297 18.4089 58.8821
1.35 0.512988 16.5364 58.4273
1.36 0.512637 14.971 57.954
1.37 0.512241 13.4056 57.4637
1.38 0.511803 12.0926 56.9577
1.39 0.511323 10.7795 56.4374
1.4 0.510802 10.1936 55.9042
1.41 0.510241 9.60769 55.3596
1.42 0.509639 9.44003 54.8046
1.43 0.508999 9.27238 54.2408
1.44 0.50832 9.03413 53.6692
1.45 0.507603 8.79587 53.0906
1.46 0.506851 8.86294 52.506
1.47 0.506062 8.93 51.916
1.48 0.505237 9.05177 51.3214
1.49 0.504378 9.17355 50.7224
1.5 0.503486 9.3465 50.1197
1.51 0.502561 9.51945 49.5134
1.52 0.501603 10.326 48.9039
1.53 0.500616 11.1325 48.2915
1.54 0.499598 11.6725 47.6763
1.55 0.498552 12.2126 47.0589
1.56 0.497477 12.1914 46.4392
1.57 0.496375 12.1702 45.8178
1.58 0.495248 12.0943 45.1949
1.59 0.494096 12.0184 44.5709
1.6 0.49292 11.8843 43.946
1.61 0.49172 11.7502 43.3207
1.62 0.490499 11.4996 42.6953
1.63 0.489258 11.249 42.0701
1.64 0.487997 10.9295 41.4453
1.65 0.486717 10.6101 40.8214
1.66 0.485421 10.2554 40.1985
1.67 0.484109 9.90065 39.5768
1.68 0.482782 9.49651 38.9568
1.69 0.481441 9.09236 38.3383
1.7 0.480087 8.60174 37.7216
1.71 0.478723 8.11112 37.1069
1.72 0.47735 8.13583 36.4942
1.73 0.475967 8.16054 35.8838
1.74 0.474577 8.01582 35.2757
1.75 0.473182 7.87111 34.6701
1.76 0.471782 7.97876 34.0671
1.77 0.470378 8.08642 33.4667
1.78 0.468972 8.17995 32.8693
1.79 0.467565 8.27349 32.275
1.8 0.466159 8.03171 31.684
1.81 0.464755 7.78993 31.0967
1.82 0.463354 7.88346 30.5132
1.83 0.461958 7.977 29.9338
1.84 0.460568 7.88346 29.359
1.85 0.459185 7.78993 28.7889
1.86 0.45781 7.71051 28.2241
1.87 0.456445 7.63109 27.6648
1.88 0.455092 7.69463 27.1115
1.89 0.453751 7.75816 26.5644
1.9 0.452424 7.51638 26.024
1.91 0.451113 7.2746 25.4904
1.92 0.449819 7.35578 24.9642
1.93 0.448542 7.43696 24.4456
1.94 0.447286 7.11929 23.9347
1.95 0.446049 6.80163 23.4319
1.96 0.444837 6.55984 22.9373
1.97 0.443648 6.31806 22.4511
1.98 0.442485 6.27571 21.9735
1.99 0.441349 6.23335 21.5044
2 0.440241 6.1857 21.0441
2.01 0.439165 6.13805 20.5924
2.02 0.438121 6.06216 20.1496
2.03 0.43711 5.98628 19.7155
2.04 0.436135 5.85039 19.2899
2.05 0.435197 5.71449 18.8731
2.06 0.434298 5.73567 18.4648
2.07 0.43344 5.75685 18.0648
2.08 0.432624 5.84862 17.6731
2.09 0.431853 5.94039 17.2896
2.1 0.431127 5.96157 16.9139
2.11 0.43045 5.98275 16.5459
2.12 0.429821 5.89804 16.1854
2.13 0.429245 5.81332 15.8321
2.14 0.428722 5.94039 15.4858
2.15 0.428254 6.06746 15.146
2.16 0.427842 6.06216 14.8127
2.17 0.42749 6.05687 14.4854
2.18 0.427197 6.1557 14.1639
2.19 0.426968 6.25453 13.8478
2.2 0.426801 6.32159 13.537
2.21 0.426701 6.38866 13.2311
2.22 0.426667 6.58279 12.9299
2.23 0.426701 6.77692 12.6331
2.24 0.426804 6.69927 12.3407
2.25 0.426978 6.62161 12.0525
2.26 0.427224 6.72397 11.7684
2.27 0.427543 6.82633 11.4883
2.28 0.427934 6.82104 11.2122
2.29 0.428399 6.81574 10.9402
2.3 0.42894 6.61455 10.6722
2.31 0.429553 6.41336 10.4084
2.32 0.430241 6.48396 10.1489
2.33 0.431002 6.55455 9.89366
2.34 0.431837 6.52631 9.64304
2.35 0.432744 6.49808 9.39709
2.36 0.433722 6.6375 9.15589
2.37 0.43477 6.77692 8.91976
2.38 0.435886 6.60573 8.68871
2.39 0.437067 6.43454 8.46289
2.4 0.438314 6.46631 8.24256
2.41 0.439621 6.49808 8.02762
2.42 0.440988 6.41336 7.81831
2.43 0.442412 6.32865 7.61465
2.44 0.443888 6.34807 7.41668
2.45 0.445415 6.36748 7.22443
2.46 0.446991 6.48219 7.0379
2.47 0.44861 6.59691 6.85706
2.48 0.450272 6.52455 6.68185
2.49 0.451971 6.45219 6.5122
2.5 0.453705 6.65514 6.34803
2.51 0.455471 6.8581 6.18922
2.52 0.457266 7.084 6.03563
2.53 0.459086 7.30989 5.88714
2.54 0.46093 7.30989 5.74356
2.55 0.462794 7.30989 5.60474
2.56 0.464677 7.67345 5.47049
2.57 0.466575 8.037 5.34064
2.58 0.468485 8.30702 5.21498
2.59 0.470408 8.57704 5.09334
2.6 0.472341 8.85411 4.9755
2.61 0.474281 9.13119 4.86129
2.62 0.476227 9.5671 4.75052
2.63 0.478178 10.003 4.643
2.64 0.480134 10.0065 4.53854
2.65 0.482091 10.0101 4.437
2.66 0.484051 10.2907 4.3382
2.67 0.486011 10.5713 4.24197
2.68 0.487972 10.6913 4.14818
2.69 0.489933 10.8113 4.05667
2.7 0.491893 10.7919 3.96731
2.71 0.493851 10.7725 3.87996
2.72 0.495807 10.5236 3.79451
2.73 0.497761 10.2748 3.71083
2.74 0.499714 9.77535 3.62882
2.75 0.501663 9.27591 3.54834
2.76 0.503611 9.05707 3.46931
2.77 0.505554 8.83823 3.39161
2.78 0.507496 8.30349 3.31515
2.79 0.509433 7.76875 3.23981
2.8 0.511368 7.2393 3.16553
2.81 0.5133 6.70985 3.0922
2.82 0.515227 6.03922 3.01973
2.83 0.517153 5.36859 2.94806
2.84 0.519073 5.11445 2.8771
2.85 0.520991 4.86032 2.80678
2.86 0.522904 4.26028 2.73704
2.87 0.524814 3.66024 2.66781
2.88 0.526721 3.22786 2.59906
2.89 0.528623 2.79548 2.53074
2.9 0.530523 2.44604 2.46282
2.91 0.532417 2.09661 2.39525
2.92 0.534308 1.88307 2.32804
2.93 0.536196 1.66952 2.26116
2.94 0.538079 1.44539 2.19462
2.95 0.539959 1.22126 2.12841
2.96 0.541834 1.05536 2.06255
2.97 0.543705 0.88947 1.99705
2.98 0.545573 0.806524 1.93194
2.99 0.547436 0.723577 1.86723
3 0.549295 0.642395 1.80297
3.01 0.551149 0.561213 1.73918
3.02 0.553 0.517093 1.67591
3.03 0.554847 0.472972 1.6132
3.04 0.556688 0.411204 1.55108
3.05 0.558525 0.349435 1.48961
3.06 0.560359 0.326492 1.42883
3.07 0.562188 0.303549 1.3688
3.08 0.564013 0.29296 1.30956
3.09 0.565833 0.282372 1.25115
3.1 0.567648 0.314138 1.19365
3.11 0.569459 0.345905 1.13708
3.12 0.571266 0.291196 1.08152
3.13 0.573068 0.236486 1.027
3.14 0.574865 0.261194 0.973594
3.15 0.576658 0.285901 0.921343
3.16 0.578446 0.278842 0.870311
3.17 0.580229 0.271783 0.820548
3.18 0.582008 0.25237 0.772109
3.19 0.583782 0.232957 0.725043
3.2 0.585551 0.236486 0.679402
3.21 0.587315 0.240016 0.635235
3.22 0.589075 0.222368 0.592588
3.23 0.590828 0.204719 0.551504
3.24 0.592578 0.19413 0.512021
3.25 0.594322 0.183542 0.474174
3.26 0.596063 0.180012 0.437988
3.27 0.597797 0.176482 0.403487
3.28 0.599526 0.162364 0.370686
3.29 0.60125 0.148245 0.339595
3.3 0.602969 0.134126 0.310215
3.31 0.604684 0.120008 0.282538
3.32 0.606394 0.118243 0.256553
3.33 0.608097 0.116478 0.232237
3.34 0.609795 0.112949 0.209561
3.35 0.611489 0.109419 0.188489
3.36 0.613177 0.105889 0.168979
3.37 0.614859 0.10236 0.150981
3.38 0.616537 0.111184 0.13444
3.39 0.618209 0.120008 0.119296
3.4 0.619875 0.116478 0.105486
3.41 0.621537 0.112949 0.0929405
3.42 0.623193 0.10236 0.0815904
3.43 0.624843 0.0917708 0.0713629
3.44 0.626488 0.0776522 0.062185
3.45 0.628127 0.0635336 0.0539831
3.46 0.629761 0.0811818 0.0466842
3.47 0.631389 0.09883 0.0402163
3.48 0.633011 0.0758874 0.0345095
3.49 0.634628 0.0529447 0.0294958
3.5 0.636239 0.0670632 0.0251103
3.51 0.637845 0.0811818 0.0212912
3.52 0.639445 0.0864763 0.0179799
3.53 0.641038 0.0917708 0.0151218
3.54 0.642627 0.0758874 0.012666
3.55 0.64421 0.060004 0.0105654
3.56 0.645786 0.0617688 0.00877686
3.57 0.647357 0.0635336 0.00726109
3.58 0.648922 0.0564743 0.00598249
3.59 0.650481 0.049415 0.00490907
3.6 0.652034 0.060004 0.00401228
3.61 0.653581 0.0705929 0.00326675
3.62 0.655122 0.0652984 0.00265013
3.63 0.656657 0.060004 0.00214283
3.64 0.658187 0.049415 0.00172781
3.65 0.65971 0.0388261 0.00139031
3.66 0.661227 0.0388261 0.00111763
3.67 0.662738 0.0388261 0.000898925
3.68 0.664242 0.0405909 0.000724995
3.69 0.665741 0.0423557 0.000588065
3.7 0.667233 0.0476502 0.00048161
3.71 0.66872 0.0529447 0.00040019
3.72 0.6702 0.0511798 0.000339297
3.73 0.671673 0.049415 0.000295213
3.74 0.673142 0.0352964 0.00026489
3.75 0.674602 0.0211779 0.000245844
3.76 0.676058 0.0211779 0.000236056
3.77 0.677507 0.0211779 0.000233895
3.78 0.678949 0.0211779 0.000238042
3.79 0.680384 0.0211779 0.000247438
3.8 0.681814 0.030002 0.000261231
3.81 0.683237 0.0388261 0.000278731
3.82 0.684654 0.0317668 0.000299386
3.83 0.686065 0.0247075 0.000322747
3.84 0.687468 0.0317668 0.000348458
3.85 0.688865 0.0388261 0.000376233
3.86 0.690256 0.0282372 0.000405863
3.87 0.691639 0.0176482 0.0004372
3.88 0.693017 0.019413 0.000470176
3.89 0.694388 0.0211779 0.000504803
3.9 0.695752 0.0211779 0.000541198
3.91 0.69711 0.0211779 0.000579605
3.92 0.69846 0.0158834 0.000620425
3.93 0.699805 0.0105889 0.000664259
3.94 0.701143 0.0123538 0.00071196
3.95 0.702474 0.0141186 0.000764689
3.96 0.703797 0.0123538 0.000824002
3.97 0.705115 0.0105889 0.000891911
3.98 0.706426 0.00882411 0.00097104
3.99 0.707729 0.00705929 0.00106471
4 0.709027 0.00705929 0.00117707
4.01 0.710316 0.00705929 0.00131332
4.02 0.7116 0.00529447 0.00147992
4.03 0.712876 0.00352964 0.00168471
4.04 0.714146 0.00705929 0.00193733
4.05 0.715408 0.0105889 0.00224942
4.06 0.716664 0.0105889 0.00263496
4.07 0.717912 0.0105889 0.00311071
4.08 0.719154 0.0158834 0.00369662
4.09 0.720388 0.0211779 0.00441629
4.1 0.721616 0.0123538 0.0052975
4.11 0.722837 0.00352964 0.00637281
4.12 0.72405 0.00352964 0.0076801
4.13 0.725257 0.00352964 0.00926336
4.14 0.726456 0.00352964 0.0111732
4.15 0.727648 0.00352964 0.0134677
4.16 0.728833 0.00705929 0.0162131
4.17 0.730011 0.0105889 0.0194847
4.18 0.731183 0.0141186 0.0233674
4.19 0.732346 0.0176482 0.0279563
4.2 0.733502 0.0105889 0.0333577
4.21 0.734652 0.00352964 0.0396896
4.22 0.735794 0.00529447 0.0470821
4.23 0.736928 0.00705929 0.0556776
4.24 0.738055 0.00352964 0.0656314
4.25 0.739176 1.62265e-14 0.0771117
4.26 0.740289 0.00529447 0.0902993
4.27 0.741395 0.0105889 0.105386
4.28 0.742493 0.0105889 0.122576
4.29 0.743583 0.0105889 0.142086
4.3 0.744667 0.0123538 0.164138
4.31 0.745743 0.0141186 0.188963
4.32 0.746811 0.0105889 0.216797
4.33 0.747873 0.00705929 0.247879
4.34 0.748927 0.00882411 0.28245
4.35 0.749973 0.0105889 0.320743
4.36 0.751012 0.00705929 0.362989
4.37 0.752043 0.00352964 0.409406
4.38 0.753068 0.00352964 0.460197
4.39 0.754083 0.00352964 0.515547
4.4 0.755092 0.00176482 0.575616
4.41 0.756093 8.71517e-15 0.640536
4.42 0.757087 0.00352964 0.710407
4.43 0.758074 0.00705929 0.785291
4.44 0.759053 0.00705929 0.865204
4.45 0.760023 0.00705929 0.950128
4.46 0.760987 0.00705929 1.03997
4.47 0.761943 0.00705929 1.13462
4.48 0.76289 0.00882411 1.23388
4.49 0.763831 0.0105889 1.33751
4.5 0.764764 0.00529447 1.44521
4.51 0.765689 2.72741e-14 1.55661
4.52 0.766606 0.00176482 1.6713
4.53 0.767515 0.00352964 1.78879
4.54 0.768417 0.00176482 1.90856
4.55 0.769312 9.24184e-15 2.03001
4.56 0.770198 0.00176482 2.15251
4.57 0.771076 0.00352964 2.2754
4.58 0.771946 0.00352964 2.39797
4.59 0.77281 0.00352964 2.51946
4.6 0.773664 0.00705929 2.63914
4.61 0.774513 0.0105889 2.75623
4.62 0.775352 0.00882411 2.86995
4.63 0.776183 0.00705929 2.97953
4.64 0.777006 0.00529447 3.08423
4.65 0.777823 0.00352964 3.18331
4.66 0.77863 0.00352964 3.27607
4.67 0.77943 0.00352964 3.36187
4.68 0.780222 0.00352964 3.44009
4.69 0.781006 0.00352964 3.51019
4.7 0.781783 0.00176482 3.57169
4.71 0.782552 9.84376e-15 3.62417
4.72 0.783312 0 3.66728
4.73 0.784064 0 3.70078
4.74 0.784808 0 3.72448
4.75 0.785544 0 3.73828
4.76 0.786272 0.00176482 3.74217
4.77 0.786993 0.00352964 3.7362
4.78 0.787705 0.00529447 3.72053
4.79 0.78841 0.00705929 3.69537
4.8 0.789106 0.00352964 3.66103
4.81 0.789793 2.04399e-14 3.61785
4.82 0.790473 0 3.56625
4.83 0.791145 0 3.50672
4.84 0.791809 0.00176482 3.43977
4.85 0.792465 0.00352964 3.36597
4.86 0.793113 0.00176482 3.28591
4.87 0.793752 1.04457e-14 3.2002
4.88 0.794383 0.00176482 3.1095
4.89 0.795007 0.00352964 3.01444
4.9 0.795622 0.00529447 2.91568
4.91 0.796228 0.00705929 2.81386
4.92 0.796826 0.00352964 2.70962
4.93 0.797417 2.13428e-14 2.60358
4.94 0.797999 0 2.49632
4.95 0.798574 0 2.38844
4.96 0.79914 0 2.28047
4.97 0.799698 0 2.17292
4.98 0.800247 0.00176482 2.06626
4.99 0.800788 0.00352964 1.96092
5 0.80132 0.00529447 1.85731
5.01 0.801846 0.00705929 1.75578
5.02 0.802362 0.00882411 1.65664
5.03 0.802871 0.0105889 1.56017
5.04 0.803371 0.00882411 1.4666
5.05 0.803862 0.00705929 1.37614
5.06 0.804345 0.00529447 1.28894
5.07 0.80482 0.00352964 1.20514
5.08 0.805287 0.00705929 1.12483
5.09 0.805746 0.0105889 1.04807
5.1 0.806195 0.00529447 0.974887
5.11 0.806637 3.40456e-14 0.905309
5.12 0.80707 0.00352964 0.839316
5.13 0.807496 0.00705929 0.776875
5.14 0.807912 0.00352964 0.717929
5.15 0.80832 2.2998e-14 0.662411
5.16 0.808721 0.00529447 0.610238
5.17 0.809112 0.0105889 0.561316
5.18 0.809496 0.00529447 0.515542
5.19 0.809871 3.49485e-14 0.472803
5.2 0.810237 0 0.432983
5.21 0.810595 0 0.395959
5.22 0.810945 0 0.36161
5.23 0.811286 0 0.32981
5.24 0.811619 0.00352964 0.300437
5.25 0.811944 0.00705929 0.273368
5.26 0.81226 0.00705929 0.248484
5.27 0.812568 0.00705929 0.225672
5.28 0.812867 0.00529447 0.204822
5.29 0.813159 0.00352964 0.185833
5.3 0.813441 0.00352964 0.168608
5.31 0.813715 0.00352964 0.153063
5.32 0.813981 0.00176482 0.139121
5.33 0.814237 1.21762e-14 0.126717
5.34 0.814486 0.00529447 0.115797
5.35 0.814726 0.0105889 0.106323
5.36 0.814959 0.00529447 0.0982687
5.37 0.815182 3.69799e-14 0.0916277
5.38 0.815396 0.00176482 0.0864083
5.39 0.815604 0.00352964 0.0826409
5.4 0.815801 0.00176482 0.071977
5.41 0.815991 1.24771e-14 0.0713652
5.42 0.816172 0.00176482 0.0722598
5.43 0.816344 0.00352964 0.074778
5.44 0.816508 0.00352964 0.0790656
5.45 0.816664 0.00352964 0.0852984
5.46 0.816811 0.00176482 0.0936845
5.47 0.816949 1.27028e-14 0.10447
5.48 0.81708 0.00529447 0.117936
5.49 0.817202 0.0105889 0.134406
5.5 0.817314 0.00529447 0.154246
5.51 0.81742 3.85599e-14 0.177866
5.52 0.817515 0 0.205725
5.53 0.817604 0 0.238329
5.54 0.817683 0.00176482 0.276232
5.55 0.817753 0.00352964 0.32004
5.56 0.817816 0.00176482 0.370409
5.57 0.81787 1.3079e-14 0.428043
5.58 0.817915 0 0.493692
5.59 0.817952 0 0.568149
5.6 0.81798 0.00176482 0.65225
5.61 0.817999 0.00352964 0.746864
5.62 0.81801 0.00352964 0.852882
5.63 0.818013 0.00352964 0.971219
5.64 0.818008 0.00176482 1.10281
5.65 0.817993 1.338e-14 1.24857
5.66 0.81797 0.00352964 1.40941
5.67 0.817939 0.00705929 1.58622
5.68 0.817899 0.00529447 1.77983
5.69 0.817851 0.00352964 1.99103
5.7 0.817795 0.00176482 2.22053
5.71 0.81773 1.36057e-14 2.46894
5.72 0.817655 0 2.73677
5.73 0.817573 0 3.02437
5.74 0.817482 0.00176482 3.33197
5.75 0.817383 0.00352964 3.65962
5.76 0.817275 0.00529447 4.00718
5.77 0.81716 0.00705929 4.37433
5.78 0.817035 0.00529447 4.76051
5.79 0.816901 0.00352964 5.16493
5.8 0.81676 0.00176482 5.58659
5.81 0.81661 1.39819e-14 6.02421
5.82 0.816452 0 6.4763
5.83 0.816284 0 6.9411
5.84 0.816108 0.00529447 7.4166
5.85 0.815925 0.0105889 7.90063
5.86 0.815732 0.00705929 8.39059
5.87 0.815531 0.00352964 8.88399
5.88 0.815322 0.00352964 9.37791
5.89 0.815104 0.00352964 9.86941
5.9 0.814877 0.00705929 10.3553
5.91 0.814643 0.0105889 10.8323
5.92 0.814399 0.00529447 11.2973
5.93 0.814148 4.33e-14 11.7469
5.94 0.813888 0.00352964 12.1778
5.95 0.813619 0.00705929 12.5869
5.96 0.813343 0.00352964 12.9708
5.97 0.813057 2.91676e-14 13.3268
5.98 0.812763 0.00529447 13.652
5.99 0.81246 0.0105889 13.9437
6 0.81215 0.00705929 14.1997
6.01 0.81183 0.00352964 14.4179
6.02 0.811503 0.00352964 14.5965
6.03 0.811167 0.00352964 14.7342
6.04 0.810823 0.00352964 14.8298
6.05 0.81047 0.00352964 14.8828
6.06 0.81011 0.00352964 14.8929
6.07 0.80974 0.00352964 14.8601
6.08 0.809362 0.00529447 14.7848
6.09 0.808976 0.00705929 14.6679
6.1 0.808581 0.00529447 14.5106
6.11 0.808178 0.00352964 14.3144
6.12 0.807768 0.00176482 14.0812
6.13 0.807347 1.51857e-14 13.8128
6.14 0.80692 0.00176482 13.5119
6.15 0.806483 0.00352964 13.1808
6.16 0.80604 0.00529447 12.8225
6.17 0.805586 0.00705929 12.4397
6.18 0.805126 0.00529447 12.0354
6.19 0.804656 0.00352964 11.6127
6.2 0.804178 0.00352964 11.1747
6.21 0.803692 0.00352964 10.7245
6.22 0.803198 0.00705929 10.265
6.23 0.802695 0.0105889 9.79934
6.24 0.802184 0.00882411 9.33019
6.25 0.801665 0.00705929 8.86039
6.26 0.801138 0.00352964 8.39257
6.27 0.800602 3.14248e-14 7.92892
6.28 0.800058 0.00176482 7.47187
6.29 0.799505 0.00352964 7.02329
6.3 0.798945 0.00352964 6.58508
6.31 0.798377 0.00352964 6.1588
6.32 0.797801 0.00352964 5.74584
6.33 0.797215 0.00352964 5.3474
6.34 0.796622 0.00352964 4.96442
6.35 0.796021 0.00352964 4.5977
6.36 0.795412 0.00352964 4.24781
6.37 0.794795 0.00352964 3.91515
6.38 0.794168 0.00529447 3.59996
6.39 0.793535 0.00705929 3.30231
6.4 0.792893 0.00529447 3.02216
6.41 0.792243 0.00352964 2.7593
6.42 0.791585 0.00529447 2.51345
6.43 0.790918 0.00705929 2.2842
6.44 0.790244 0.00352964 2.07107
6.45 0.789562 3.27791e-14 1.87351
6.46 0.788871 0.00176482 1.69091
6.47 0.788172 0.00352964 1.52263
6.48 0.787466 0.00176482 1.36797
6.49 0.786752 1.654e-14 1.22621
6.5 0.786029 0 1.09665
6.51 0.785298 0 0.978549
6.52 0.784559 0.00176482 0.871183
6.53 0.783813 0.00352964 0.773828
6.54 0.783058 0.00352964 0.685789
6.55 0.782296 0.00352964 0.606379
6.56 0.781525 0.00352964 0.534937
6.57 0.780747 0.00352964 0.47083
6.58 0.779961 0.00529447 0.41345
6.59 0.779166 0.00705929 0.362225
6.6 0.778364 0.00705929 0.31661
6.61 0.777554 0.00705929 0.276093
6.62 0.776737 0.00529447 0.240197
6.63 0.775911 0.00352964 0.208477
6.64 0.775077 0.00352964 0.180515
6.65 0.774236 0.00352964 0.155932
6.66 0.773386 0.00176482 0.134373
6.67 0.77253 1.72172e-14 0.115515
6.68 0.771664 0 0.0990627
6.69 0.770792 0 0.0847458
6.7 0.769911 0.00352964 0.0723197
6.71 0.769024 0.00705929 0.0615623
6.72 0.768128 0.00352964 0.0522743
6.73 0.767223 3.48858e-14 0.044276
6.74 0.766313 0.00352964 0.0374067
6.75 0.765394 0.00705929 0.0315225
6.76 0.764467 0.00529447 0.0264959
6.77 0.763532 0.00352964 0.0222133
6.78 0.76259 0.00705929 0.0185746
6.79 0.761641 0.0105889 0.0154912
6.8 0.760683 0.00529447 0.0128858
6.81 0.759718 5.32315e-14 0.0106901
6.82 0.758745 0 0.008845
6.83 0.757766 0 0.00729874
6.84 0.756778 0.00176482 0.00600658
6.85 0.755783 0.00352964 0.00492979
6.86 0.754781 0.00176482 0.00403502
6.87 0.75377 1.79696e-14 0.00329362
6.88 0.752753 0.00176482 0.00268105
6.89 0.751727 0.00352964 0.00217639
6.9 0.750695 0.00529447 0.00176181
6.91 0.749654 0.00705929 0.00142223
6.92 0.748607 0.00529447 0.00114489
6.93 0.747552 0.00352964 0.000919043
6.94 0.74649 0.00176482 0.000735665
6.95 0.74542 1.82705e-14 0.000587209
6.96 0.744343 0.00176482 0.000467379
6.97 0.743259 0.00352964 0.000370942
6.98 0.742167 0.00352964 0.000293561
6.99 0.741067 0.00352964 0.000231655
7 0.739962 0.00176482 0.000182277
7.01 0.738848 1.84962e-14 0.000143011
7.02 0.737727 0.00176482 0.000111879
7.03 0.736599 0.00352964 8.727e-05
7.04 0.735463 0.00176482 6.78757e-05
7.05 0.734321 1.86467e-14 5.26377e-05
7.06 0.733172 0 4.07013e-05
7.07 0.732015 0 3.13796e-05
7.08 0.73085 0.00176482 2.41218e-05
7.09 0.729679 0.00352964 1.84881e-05
7.1 0.728501 0.00352964 1.41285e-05
7.11 0.727316 0.00352964 1.07649e-05
7.12 0.726124 0.00176482 8.17577e-06
7.13 0.724924 1.89477e-14 6.18643e-06
7.14 0.723718 0.00176482 4.66275e-06
7.15 0.722504 0.00352964 3.5004e-06
7.16 0.721283 0.00529447 2.61833e-06
7.17 0.720056 0.00705929 1.95389e-06
7.18 0.718822 0.00705929 1.45581e-06
7.19 0.717581 0.00705929 1.08331e-06
7.2 0.716332 0.00529447 8.04223e-07
7.21 0.715077 0.00352964 5.95279e-07
7.22 0.713815 0.00176482 4.39284e-07
7.23 0.712546 1.93239e-14 3.23184e-07
7.24 0.711271 0 2.37046e-07
7.25 0.709989 0 1.73338e-07
7.26 0.708699 0 1.26367e-07
7.27 0.707403 0 9.18449e-08
7.28 0.7061 0 6.6551e-08
7.29 0.704791 0 4.80766e-08
7.3 0.703475 0 3.46252e-08
7.31 0.702152 0 2.48613e-08
7.32 0.700822 0.00352964 1.775e-08
7.33 0.699486 0.00705929 1.00976e-08
7.34 0.698143 0.00882411 4.91427e-09
7.35 0.696794 0.0105889 2.07755e-09
7.36 0.695438 0.00529447 5.00542e-10
7.37 0.694076 5.95516e-14 1.07818e-20
7.38 0.692707 0 5.80459e-32
7.39 0.691332 0 0
7.4 0.689949 0.00352964 0
7.41 0.688562 0.00705929 0
7.42 0.687167 0.00529447 0
7.43 0.685765 0.00352964 0
7.44 0.684359 0.00176482 0
7.45 0.682944 2.01515e-14 0
7.46 0.681524 0.00352964 0
7.47 0.680098 0.00705929 0
7.48 0.678665 0.00352964 0
7.49 0.677226 4.06039e-14 0
7.5 0.67578 0 0
7.51 0.674329 0 0
7.52 0.672872 0.00176482 0
7.53 0.671408 0.00352964 0
7.54 0.669938 0.00882411 0
7.55 0.668461 0.0141186 0
7.56 0.66698 0.00882411 0
7.57 0.665492 0.00352964 0
7.58 0.663997 0.00352964 0
7.59 0.662497 0.00352964 0
7.6 0.660991 0.00176482 0
7.61 0.659478 2.07534e-14 0
7.62 0.657961 0.00176482 0
7.63 0.656437 0.00352964 0
7.64 0.654907 0.00352964 0
7.65 0.653372 0.00352964 0
7.66 0.65183 0.00352964 0
7.67 0.650282 0.00352964 0
7.68 0.64873 0.00176482 0
7.69 0.647171 2.10544e-14 0
7.7 0.645606 0.00882411 0
7.71 0.644036 0.0176482 0
7.72 0.64246 0.0105889 0
7.73 0.640879 0.00352964 0
7.74 0.639292 0.00176482 0
7.75 0.637699 2.12801e-14 0
7.76 0.636101 0.00176482 0
7.77 0.634498 0.00352964 0
7.78 0.632888 0.00352964 0
7.79 0.631274 0.00352964 0
7.8 0.629653 0.00352964 0
7.81 0.628028 0.00352964 0
7.82 0.626397 0.00352964 0
7.83 0.624761 0.00352964 0
7.84 0.623119 0.00705929 0
7.85 0.621473 0.0105889 0
7.86 0.619821 0.00705929 0
7.87 0.618163 0.00352964 0
7.88 0.616501 0.00176482 0
7.89 0.614834 2.18067e-14 0
7.9 0.613161 0.00529447 0
7.91 0.611483 0.0105889 0
7.92 0.6098 0.00529447 0
7.93 0.608112 6.58717e-14 0
7.94 0.606419 0.00529447 0
7.95 0.604721 0.0105889 0
7.96 0.603018 0.00882411 0
7.97 0.60131 0.00705929 0
7.98 0.599598 0.00352964 0
7.99 0.59788 4.43659e-14 0
8 0.596158 0.00176482 0
8.01 0.59443 0.00352964 0
8.02 0.592699 0.00176482 0
8.03 0.590962 2.23334e-14 0
8.04 0.589221 0.00176482 0
8.05 0.587474 0.00352964 0
8.06 0.585723 0.00352964 0
8.07 0.583968 0.00352964 0
8.08 0.582208 0.00176482 0
8.09 0.580444 2.25591e-14 0
8.1 0.578675 0.00176482 0
8.11 0.576902 0.00352964 0
8.12 0.575124 0.00352964 0
8.13 0.573342 0.00352964 0
8.14 0.571555 0.00176482 0
8.15 0.569765 2.27848e-14 0
8.16 0.567969 0 0
8.17 0.566169 0 0
8.18 0.564366 0.00176482 0
8.19 0.562557 0.00352964 0
8.2 0.560746 0.00176482 0
8.21 0.55893 2.30106e-14 0
8.22 0.557109 0.00176482 0
8.23 0.555284 0.00352964 0
8.24 0.553456 0.00352964 0
8.25 0.551623 0.00352964 0
8.26 0.549788 0.00176482 0
8.27 0.547947 2.32363e-14 0
8.28 0.546103 0.00352964 0
8.29 0.544255 0.00705929 0
8.3 0.542403 0.00352964 0
8.31 0.540547 4.67735e-14 0
8.32 0.538688 0.00176482 0
8.33 0.536824 0.00352964 0
8.34 0.534958 0.00176482 0
8.35 0.533088 2.35372e-14 0
8.36 0.531214 0 0
8.37 0.529335 0 0
8.38 0.527455 0.00529447 0
8.39 0.525571 0.0105889 0
8.4 0.523682 0.00529447 0
8.41 0.521791 7.12889e-14 0
8.42 0.519895 0 0
8.43 0.517998 0 0
8.44 0.516096 0.00529447 0
8.45 0.514192 0.0105889 0
8.46 0.512284 0.00882411 0
8.47 0.510372 0.00705929 0
8.48 0.508458 0.00529447 0
8.49 0.506541 0.00352964 0
8.5 0.504621 0.00529447 0
8.51 0.502697 0.00705929 0
8.52 0.50077 0.00705929 0
8.53 0.49884 0.00705929 0
8.54 0.496909 0.00882411 0
8.55 0.494972 0.0105889 0
8.56 0.493035 0.00529447 0
8.57 0.491094 7.30946e-14 0
8.58 0.48915 0.00176482 0
8.59 0.487204 0.00352964 0
8.6 0.485254 0.00352964 0
8.61 0.483303 0.00352964 0
8.62 0.481348 0.00352964 0
8.63 0.479391 0.00352964 0
8.64 0.477432 0.00352964 0
8.65 0.475471 0.00352964 0
8.66 0.473506 0.00352964 0
8.67 0.471539 0.00352964 0
8.68 0.46957 0.00176482 0
8.69 0.467598 2.48163e-14 0
8.7 0.465625 0.00176482 0
8.71 0.46365 0.00352964 0
8.72 0.461672 0.00176482 0
8.73 0.459691 2.49668e-14 0
8.74 0.457708 0 0
8.75 0.455724 0 0
8.76 0.453738 0 0
8.77 0.451749 0 0
8.78 0.449759 0.00529447 0
8.79 0.447767 0.0105889 0
8.8 0.445772 0.00529447 0
8.81 0.443777 7.58032e-14 0
8.82 0.441779 0 0
8.83 0.439779 0 0
8.84 0.437778 0 0
8.85 0.435776 0 0
8.86 0.433772 0.00352964 0
8.87 0.431766 0.00705929 0
8.88 0.429758 0.00352964 0
8.89 0.42775 5.11374e-14 0
8.9 0.425739 0 0
8.91 0.423728 0 0
8.92 0.421716 0 0
8.93 0.419701 0 0
8.94 0.417685 0 0
8.95 0.415669 0 0
8.96 0.41365 0.00529447 0
8.97 0.411632 0.0105889 0
8.98 0.409612 0.00705929 0
8.99 0.407592 0.00352964 0
9 0.40557 0.00352964 0
9.01 0.403546 0.00352964 0
9.02 0.401523 0.00352964 0
9.03 0.399498 0.00352964 0
9.04 0.397473 0.00176482 0
9.05 0.395447 2.61706e-14 0
9.06 0.39342 0.00176482 0
9.07 0.391393 0.00352964 0
9.08 0.389365 0.00529447 0
9.09 0.387337 0.00705929 0
9.1 0.385307 0.00529447 0
9.11 0.383278 0.00352964 0
9.12 0.381248 0.00176482 0
9.13 0.379218 2.64716e-14 0
9.14 0.377187 0 0
9.15 0.375156 0 0
9.16 0.373126 0 0
9.17 0.371094 0 0
9.18 0.369063 0.00529447 0
9.19 0.367031 0.0105889 0
9.2 0.364999 0.00529447 0
9.21 0.362969 8.03175e-14 0
9.22 0.360937 0.00352964 0
9.23 0.358906 0.00705929 0
9.24 0.356876 0.00529447 0
9.25 0.354845 0.00352964 0
9.26 0.352814 0.00176482 0
9.27 0.350784 2.69982e-14 0
9.28 0.348754 0.00176482 0
9.29 0.346725 0.00352964 0
9.3 0.344695 0.00176482 0
9.31 0.342667 2.71487e-14 0
9.32 0.340639 0 0
9.33 0.338612 0 0
9.34 0.336586 0.00352964 0
9.35 0.334559 0.00705929 0
9.36 0.332535 0.00352964 0
9.37 0.33051 5.47488e-14 0
9.38 0.328487 0.00176482 0
9.39 0.326465 0.00352964 0
9.4 0.324444 0.00352964 0
9.41 0.322423 0.00352964 0
9.42 0.320403 0.00176482 0
9.43 0.318385 2.76001e-14 0
9.44 0.316369 0.00176482 0
9.45 0.314353 0.00352964 0
9.46 0.312338 0.00176482 0
9.47 0.310325 2.77506e-14 0
9.48 0.308314 0.00176482 0
9.49 0.306303 0.00352964 0
9.5 0.304294 0.00529447 0
9.51 0.302287 0.00705929 0
9.52 0.300282 0.00529447 0
9.53 0.298278 0.00352964 0
9.54 0.296276 0.00176482 0
9.55 0.294276 2.80516e-14 0
9.56 0.292277 0.00176482 0
9.57 0.290279 0.00352964 0
9.58 0.288285 0.00529447 0
9.59 0.286292 0.00705929 0
9.6 0.284301 0.00352964 0
9.61 0.282312 5.65546e-14 0
9.62 0.280326 0 0
9.63 0.278342 0 0
9.64 0.27636 0 0
9.65 0.27438 0 0
9.66 0.272403 0.00352964 0
9.67 0.270427 0.00705929 0
9.68 0.268456 0.00352964 0
9.69 0.266485 5.71565e-14 0
9.7 0.264518 0 0
9.71 0.262554 0 0
9.72 0.260592 0 0
9.73 0.258632 0 0
9.74 0.256675 0 0
9.75 0.254721 0 0
9.76 0.252772 0 0
9.77 0.250823 0 0
9.78 0.248878 0 0
9.79 0.246937 0 0
9.8 0.244998 0 0
9.81 0.243063 0 0
9.82 0.241132 0 0
9.83 0.239203 0 0
9.84 0.237278 0 0
9.85 0.235356 0 0
9.86 0.233438 0 0
9.87 0.231524 0 0
9.88 0.229612 0 0
9.89 0.227705 0 0
9.9 0.225802 0 0
9.91 0.223901 0 0
9.92 0.222006 0 0
9.93 0.220113 0 0
9.94 0.218226 0.00176482 0
9.95 0.216341 0.00352964 0
9.96 0.214461 0.00176482 0
9.97 0.212586 2.96316e-14 0
9.98 0.210714 0 0
9.99 0.208847 0 0
10 0.206985 0 0

