# Also monthly candidate events are listed
# the monthly candidates are separated by #
# the second column is year/month
# the third column is the monthly detector livetime (sec.).
# 2002/03   879300
 3.91
 4.07
# 2002/04  1242836
 2.65
 2.88
 3.31
 3.77
 3.96
 4.80
 7.95
# 2002/05  1970530
 2.61
 2.85
 3.00
 3.11
 3.40
 3.42
 3.49
 3.56
 3.69
 3.95
 4.34
 4.36
 4.67
 4.69
 4.85
 4.92
 5.09
 5.20
 5.20
# 2002/06  1978333
 2.63
 3.05
 3.19
 3.46
 3.74
 3.81
 4.20
 4.92
 5.34
 5.78
# 2002/07  1911675
 2.64
 3.00
 3.05
 3.10
 3.54
 3.70
 3.79
 3.88
 4.02
 4.18
 4.49
 4.51
 4.53
 4.70
 4.71
 5.09
 5.10
 5.40
 5.77
# 2002/08  2140252
 2.66
 2.78
 3.26
 3.55
 3.55
 3.77
 4.19
 4.29
 4.57
 4.63
 5.63
 6.19
 6.90
# 2002/09  2045761
 2.65
 3.03
 3.23
 3.31
 3.44
 3.69
 3.99
 4.00
 4.33
 4.35
 4.40
 4.89
 5.75
# 2002/10  2030809
 2.81
 2.84
 2.88
 3.06
 3.46
 3.68
 3.78
 4.83
 4.83
 4.93
 4.96
 4.97
 5.25
 5.51
 6.46
# 2002/11  2075330
 2.74
 2.85
 3.05
 3.42
 3.45
 4.40
 4.94
 5.42
 5.46
 6.13
# 2002/12  1984159
 2.82
 3.40
 3.68
 3.84
 4.05
 4.07
 4.40
 4.56
 5.03
 5.30
 5.56
# 2003/01  1874174
 3.08
 3.26
 4.03
 4.53
 4.85
 5.47
 5.93
# 2003/02  1960859
 2.62
 2.69
 2.72
 3.36
 3.61
 3.74
 4.02
 4.12
 4.35
 5.59
 5.60
# 2003/03  2106670
 2.74
 3.05
 3.34
 3.70
 4.29
 4.58
 4.76
 5.00
 5.51
 5.99
# 2003/04  2228478
 3.26
 3.76
 3.91
 4.29
 4.56
 5.03
 5.04
 5.08
 6.13
 6.28
 7.85
# 2003/05  1925170
 3.96
 4.59
 4.75
 4.77
 4.85
 4.87
 5.38
 6.09
# 2003/06  2209915
 3.33
 3.49
 3.69
 3.82
 4.17
 5.77
 6.01
 6.13
 6.40
# 2003/07  2380879
 2.80
 3.10
 3.53
 4.02
 4.40
 4.49
 4.62
 4.77
 4.95
 5.11
 5.22
 5.42
 5.91
 6.86
# 2003/08  2243197
 2.76
 3.17
 3.32
 3.43
 3.47
 3.72
 3.76
 3.81
 4.14
 4.30
 4.47
 4.49
 4.68
 4.85
 5.29
 5.64
 5.97
 6.09
 6.44
# 2003/09  1781017
 3.35
 3.53
 4.06
 4.14
 6.15
# 2003/10  2350880
 2.66
 2.74
 3.32
 3.40
 3.79
 4.49
 4.65
# 2003/11  2209519
 2.67
 2.71
 2.93
 3.35
 3.46
 3.95
 4.09
 4.24
 4.60
 4.75
 4.97
 5.00
 5.08
 5.09
 5.65
 5.71
# 2003/12  2120461
 2.62
 2.67
 3.07
 3.20
 3.23
 3.28
 3.32
 3.67
 3.87
 4.60
 4.61
 4.65
 4.67
 4.75
 4.93
 5.72
 6.10
# 2004/01   857625
 2.64
 3.51
 3.87
 4.51
 4.65
# End            0
